T1, 5, 4, 89, 0
T2, 4, 36, 9, 0
T3, 3, 3, 73, 4
T3.1, 4, 42, 85, 0
T3.2, 5, 40, 97, 0
T3.3, 5, 8, 99, 0
T3.4, 5, 16, 100, 0
T4, 3, 9, 17, 1
T4.1, 5, 34, 32, 0
T5, 2, 44, 26, 1
T5.1, 4, 47, 42, 0
T6, 3, 7, 31, 2
T6.1, 4, 29, 42, 0
T6.2, 5, 22, 74, 0
T7, 1, 13, 40, 1
T7.1, 2, 46, 44, 0
T8, 5, 36, 98, 0
T9, 3, 3, 15, 3
T9.1, 4, 33, 53, 0
T9.2, 4, 30, 72, 0
T9.3, 5, 7, 97, 0
T10, 2, 7, 56, 3
T10.1, 2, 12, 85, 0
T10.2, 3, 41, 86, 0
T10.3, 4, 10, 92, 0
T11, 5, 39, 50, 3
T11.1, 5, 22, 71, 0
T11.2, 5, 11, 88, 0
T11.3, 5, 7, 95, 0
T12, 5, 27, 70, 2
T12.1, 5, 24, 83, 0
T12.2, 5, 31, 87, 0
T13, 4, 28, 26, 4
T13.1, 5, 23, 26, 0
T13.2, 5, 6, 97, 0
T13.3, 5, 12, 99, 0
T13.4, 5, 28, 99, 0
T14, 3, 37, 19, 1
T14.1, 5, 41, 88, 0
T15, 5, 42, 76, 3
T15.1, 5, 33, 76, 0
T15.2, 5, 26, 82, 0
T15.3, 5, 10, 97, 0
T16, 3, 32, 14, 1
T16.1, 4, 15, 25, 0
T17, 1, 21, 6, 3
T17.1, 2, 41, 65, 0
T17.2, 4, 3, 100, 0
T17.3, 4, 48, 100, 0
T18, 5, 46, 50, 0
T19, 5, 25, 34, 3
T19.1, 5, 8, 59, 0
T19.2, 5, 22, 59, 0
T19.3, 5, 10, 78, 0
T20, 4, 27, 42, 1
T20.1, 4, 7, 51, 0
T21, 3, 22, 82, 4
T21.1, 4, 34, 83, 0
T21.2, 5, 2, 88, 0
T21.3, 5, 32, 98, 0
T21.4, 5, 18, 98, 0
T22, 4, 8, 1, 1
T22.1, 5, 32, 47, 0
T23, 1, 40, 4, 0
T24, 5, 46, 87, 4
T24.1, 5, 25, 99, 0
T24.2, 5, 8, 99, 0
T24.3, 5, 12, 99, 0
T24.4, 5, 9, 99, 0
T25, 2, 21, 1, 3
T25.1, 4, 32, 65, 0
T25.2, 5, 16, 87, 0
T25.3, 5, 25, 90, 0
T26, 1, 13, 33, 1
T26.1, 2, 27, 37, 0
T27, 3, 12, 95, 2
T27.1, 3, 11, 96, 0
T27.2, 4, 2, 97, 0
T28, 4, 33, 99, 0
T29, 2, 5, 72, 1
T29.1, 3, 15, 72, 0
T30, 4, 38, 69, 2
T30.1, 5, 35, 84, 0
T30.2, 5, 41, 98, 0
T31, 2, 46, 44, 3
T31.1, 4, 12, 82, 0
T31.2, 4, 33, 91, 0
T31.3, 4, 45, 97, 0
T32, 3, 6, 78, 4
T32.1, 5, 42, 98, 0
T32.2, 5, 16, 99, 0
T32.3, 5, 31, 100, 0
T32.4, 5, 12, 100, 0
T33, 3, 23, 45, 0
T34, 5, 24, 37, 3
T34.1, 5, 32, 93, 0
T34.2, 5, 31, 98, 0
T34.3, 5, 31, 100, 0
T35, 4, 1, 97, 0
T36, 4, 13, 40, 0
T37, 5, 33, 45, 3
T37.1, 5, 31, 75, 0
T37.2, 5, 50, 96, 0
T37.3, 5, 46, 97, 0
T38, 1, 28, 38, 4
T38.1, 1, 17, 85, 0
T38.2, 3, 4, 87, 0
T38.3, 4, 9, 88, 0
T38.4, 5, 39, 91, 0
T39, 1, 4, 1, 0
T40, 1, 7, 63, 0
T41, 5, 20, 84, 0
T42, 5, 4, 54, 2
T42.1, 5, 49, 77, 0
T42.2, 5, 12, 100, 0
T43, 4, 18, 62, 4
T43.1, 5, 11, 78, 0
T43.2, 5, 1, 85, 0
T43.3, 5, 1, 96, 0
T43.4, 5, 28, 96, 0
T44, 2, 11, 69, 3
T44.1, 5, 4, 90, 0
T44.2, 5, 42, 90, 0
T44.3, 5, 47, 100, 0
T45, 4, 28, 79, 0
T46, 2, 13, 10, 4
T46.1, 4, 25, 48, 0
T46.2, 5, 33, 83, 0
T46.3, 5, 44, 94, 0
T46.4, 5, 37, 100, 0
T47, 1, 23, 90, 4
T47.1, 1, 26, 97, 0
T47.2, 1, 16, 98, 0
T47.3, 1, 49, 100, 0
T47.4, 3, 25, 100, 0
T48, 1, 34, 89, 4
T48.1, 4, 34, 89, 0
T48.2, 5, 33, 94, 0
T48.3, 5, 45, 99, 0
T48.4, 5, 50, 99, 0
T49, 4, 23, 16, 2
T49.1, 4, 19, 44, 0
T49.2, 5, 10, 94, 0
T50, 1, 32, 57, 1
T50.1, 3, 21, 81, 0
T51, 3, 43, 36, 1
T51.1, 5, 44, 59, 0
T52, 1, 34, 24, 4
T52.1, 3, 45, 35, 0
T52.2, 5, 26, 56, 0
T52.3, 5, 4, 74, 0
T52.4, 5, 20, 97, 0
T53, 5, 25, 86, 3
T53.1, 5, 38, 94, 0
T53.2, 5, 44, 99, 0
T53.3, 5, 39, 99, 0
T54, 4, 34, 24, 4
T54.1, 4, 28, 42, 0
T54.2, 5, 33, 56, 0
T54.3, 5, 32, 92, 0
T54.4, 5, 9, 100, 0
T55, 1, 30, 73, 2
T55.1, 2, 4, 96, 0
T55.2, 5, 41, 100, 0
T56, 5, 25, 63, 2
T56.1, 5, 26, 96, 0
T56.2, 5, 29, 96, 0
T57, 2, 28, 96, 0
T58, 4, 25, 3, 3
T58.1, 4, 38, 10, 0
T58.2, 5, 44, 46, 0
T58.3, 5, 37, 58, 0
T59, 4, 33, 78, 2
T59.1, 4, 45, 91, 0
T59.2, 5, 2, 100, 0
T60, 4, 23, 50, 1
T60.1, 5, 30, 96, 0
T61, 1, 8, 79, 3
T61.1, 1, 24, 92, 0
T61.2, 2, 31, 100, 0
T61.3, 4, 48, 100, 0
T62, 1, 27, 55, 1
T62.1, 1, 12, 97, 0
T63, 3, 34, 71, 3
T63.1, 3, 26, 78, 0
T63.2, 4, 27, 96, 0
T63.3, 5, 7, 96, 0
T64, 1, 40, 77, 0
T65, 3, 13, 93, 1
T65.1, 3, 16, 96, 0
T66, 4, 15, 56, 4
T66.1, 4, 8, 67, 0
T66.2, 4, 19, 92, 0
T66.3, 4, 20, 96, 0
T66.4, 5, 1, 96, 0
T67, 3, 41, 14, 4
T67.1, 3, 33, 75, 0
T67.2, 3, 2, 93, 0
T67.3, 4, 33, 97, 0
T67.4, 5, 42, 99, 0
T68, 5, 16, 97, 1
T68.1, 5, 1, 99, 0
T69, 2, 20, 38, 4
T69.1, 5, 32, 55, 0
T69.2, 5, 49, 76, 0
T69.3, 5, 18, 76, 0
T69.4, 5, 3, 77, 0
T70, 4, 16, 32, 3
T70.1, 5, 16, 64, 0
T70.2, 5, 11, 78, 0
T70.3, 5, 36, 80, 0
T71, 3, 41, 67, 2
T71.1, 5, 18, 87, 0
T71.2, 5, 25, 87, 0
T72, 2, 29, 81, 3
T72.1, 2, 12, 98, 0
T72.2, 3, 23, 98, 0
T72.3, 5, 35, 99, 0
T73, 4, 39, 50, 4
T73.1, 5, 30, 58, 0
T73.2, 5, 29, 68, 0
T73.3, 5, 48, 89, 0
T73.4, 5, 4, 92, 0
T74, 1, 4, 63, 1
T74.1, 2, 4, 72, 0
T75, 4, 33, 47, 3
T75.1, 5, 14, 63, 0
T75.2, 5, 31, 66, 0
T75.3, 5, 3, 73, 0
T76, 2, 16, 57, 0
T77, 5, 1, 70, 2
T77.1, 5, 36, 86, 0
T77.2, 5, 16, 86, 0
T78, 5, 33, 82, 4
T78.1, 5, 2, 92, 0
T78.2, 5, 29, 99, 0
T78.3, 5, 20, 99, 0
T78.4, 5, 39, 100, 0
T79, 3, 21, 23, 2
T79.1, 5, 35, 33, 0
T79.2, 5, 5, 74, 0
T80, 1, 48, 92, 3
T80.1, 2, 36, 94, 0
T80.2, 5, 25, 94, 0
T80.3, 5, 35, 94, 0
T81, 4, 19, 78, 2
T81.1, 5, 32, 98, 0
T81.2, 5, 8, 98, 0
T82, 4, 50, 68, 4
T82.1, 4, 6, 70, 0
T82.2, 5, 22, 89, 0
T82.3, 5, 28, 89, 0
T82.4, 5, 49, 98, 0
T83, 3, 21, 80, 2
T83.1, 3, 37, 92, 0
T83.2, 3, 34, 96, 0
T84, 3, 42, 95, 2
T84.1, 4, 34, 95, 0
T84.2, 5, 14, 97, 0
T85, 2, 14, 87, 4
T85.1, 2, 49, 90, 0
T85.2, 3, 1, 100, 0
T85.3, 5, 8, 100, 0
T85.4, 5, 30, 100, 0
T86, 4, 12, 3, 0
T87, 4, 47, 50, 3
T87.1, 5, 18, 60, 0
T87.2, 5, 50, 73, 0
T87.3, 5, 29, 91, 0
T88, 3, 45, 30, 4
T88.1, 4, 48, 95, 0
T88.2, 5, 24, 99, 0
T88.3, 5, 32, 99, 0
T88.4, 5, 20, 99, 0
T89, 2, 23, 52, 2
T89.1, 4, 11, 68, 0
T89.2, 5, 25, 80, 0
T90, 5, 27, 77, 4
T90.1, 5, 48, 92, 0
T90.2, 5, 30, 94, 0
T90.3, 5, 42, 99, 0
T90.4, 5, 25, 100, 0
T91, 4, 33, 36, 0
T92, 4, 31, 20, 2
T92.1, 5, 2, 68, 0
T92.2, 5, 40, 80, 0
T93, 4, 17, 11, 0
T94, 4, 17, 13, 2
T94.1, 4, 27, 45, 0
T94.2, 5, 9, 68, 0
T95, 2, 23, 90, 0
T96, 4, 2, 13, 1
T96.1, 5, 13, 41, 0
T97, 2, 37, 25, 3
T97.1, 3, 21, 97, 0
T97.2, 5, 8, 98, 0
T97.3, 5, 30, 98, 0
T98, 4, 45, 53, 3
T98.1, 5, 30, 57, 0
T98.2, 5, 31, 93, 0
T98.3, 5, 38, 100, 0
T99, 4, 34, 45, 4
T99.1, 4, 16, 84, 0
T99.2, 4, 36, 92, 0
T99.3, 4, 46, 96, 0
T99.4, 5, 15, 99, 0
T100, 4, 6, 16, 2
T100.1, 4, 18, 69, 0
T100.2, 4, 7, 73, 0
T101, 5, 11, 86, 3
T101.1, 5, 20, 91, 0
T101.2, 5, 49, 98, 0
T101.3, 5, 12, 98, 0
T102, 1, 1, 75, 0
T103, 3, 37, 51, 1
T103.1, 5, 15, 66, 0
T104, 4, 8, 0, 2
T104.1, 5, 47, 92, 0
T104.2, 5, 5, 97, 0
T105, 1, 49, 65, 4
T105.1, 3, 6, 93, 0
T105.2, 4, 13, 99, 0
T105.3, 5, 2, 99, 0
T105.4, 5, 6, 99, 0
T106, 2, 50, 84, 3
T106.1, 3, 50, 90, 0
T106.2, 4, 3, 99, 0
T106.3, 4, 36, 99, 0
T107, 1, 50, 98, 0
T108, 2, 38, 7, 3
T108.1, 3, 35, 88, 0
T108.2, 5, 35, 96, 0
T108.3, 5, 15, 96, 0
T109, 5, 28, 41, 2
T109.1, 5, 17, 92, 0
T109.2, 5, 11, 98, 0
T110, 2, 13, 92, 0
T111, 1, 35, 24, 2
T111.1, 1, 3, 51, 0
T111.2, 4, 20, 63, 0
T112, 4, 29, 75, 1
T112.1, 4, 20, 89, 0
T113, 5, 38, 70, 0
T114, 1, 26, 25, 4
T114.1, 2, 13, 31, 0
T114.2, 5, 8, 84, 0
T114.3, 5, 5, 98, 0
T114.4, 5, 18, 99, 0
T115, 1, 13, 27, 2
T115.1, 4, 19, 71, 0
T115.2, 4, 17, 81, 0
T116, 3, 21, 63, 0
T117, 2, 17, 69, 2
T117.1, 2, 42, 70, 0
T117.2, 3, 12, 77, 0
T118, 4, 6, 17, 4
T118.1, 5, 38, 64, 0
T118.2, 5, 42, 80, 0
T118.3, 5, 32, 97, 0
T118.4, 5, 3, 99, 0
T119, 4, 43, 50, 3
T119.1, 4, 18, 93, 0
T119.2, 5, 29, 96, 0
T119.3, 5, 23, 98, 0
T120, 4, 9, 78, 3
T120.1, 4, 42, 100, 0
T120.2, 5, 45, 100, 0
T120.3, 5, 24, 100, 0
T121, 4, 16, 51, 3
T121.1, 4, 23, 55, 0
T121.2, 5, 27, 100, 0
T121.3, 5, 20, 100, 0
T122, 3, 46, 5, 4
T122.1, 4, 27, 39, 0
T122.2, 5, 22, 86, 0
T122.3, 5, 4, 94, 0
T122.4, 5, 27, 98, 0
T123, 2, 18, 38, 3
T123.1, 4, 32, 93, 0
T123.2, 4, 24, 96, 0
T123.3, 5, 7, 96, 0
T124, 1, 41, 66, 4
T124.1, 5, 33, 71, 0
T124.2, 5, 48, 81, 0
T124.3, 5, 20, 91, 0
T124.4, 5, 3, 94, 0
T125, 4, 9, 64, 4
T125.1, 4, 4, 83, 0
T125.2, 5, 7, 94, 0
T125.3, 5, 22, 94, 0
T125.4, 5, 46, 100, 0
T126, 4, 34, 22, 4
T126.1, 4, 7, 77, 0
T126.2, 4, 4, 88, 0
T126.3, 5, 30, 95, 0
T126.4, 5, 31, 95, 0
T127, 5, 43, 23, 2
T127.1, 5, 26, 25, 0
T127.2, 5, 15, 83, 0
T128, 5, 32, 17, 2
T128.1, 5, 33, 35, 0
T128.2, 5, 30, 86, 0
T129, 2, 12, 22, 0
T130, 2, 45, 46, 3
T130.1, 2, 44, 92, 0
T130.2, 5, 21, 100, 0
T130.3, 5, 31, 100, 0
T131, 4, 48, 13, 3
T131.1, 5, 4, 55, 0
T131.2, 5, 23, 72, 0
T131.3, 5, 37, 83, 0
T132, 1, 28, 30, 4
T132.1, 2, 19, 70, 0
T132.2, 5, 32, 79, 0
T132.3, 5, 48, 83, 0
T132.4, 5, 3, 93, 0
T133, 5, 41, 68, 4
T133.1, 5, 24, 99, 0
T133.2, 5, 23, 99, 0
T133.3, 5, 28, 99, 0
T133.4, 5, 46, 99, 0
T134, 1, 2, 42, 0
T135, 4, 32, 20, 4
T135.1, 4, 47, 68, 0
T135.2, 4, 5, 71, 0
T135.3, 4, 32, 80, 0
T135.4, 4, 23, 89, 0
T136, 5, 23, 52, 3
T136.1, 5, 34, 87, 0
T136.2, 5, 21, 98, 0
T136.3, 5, 41, 99, 0
T137, 2, 36, 57, 3
T137.1, 2, 17, 57, 0
T137.2, 4, 4, 95, 0
T137.3, 5, 40, 95, 0
T138, 5, 42, 46, 1
T138.1, 5, 50, 50, 0
T139, 1, 44, 47, 2
T139.1, 3, 11, 52, 0
T139.2, 3, 44, 88, 0
T140, 1, 25, 54, 1
T140.1, 4, 4, 80, 0
T141, 5, 11, 38, 3
T141.1, 5, 44, 46, 0
T141.2, 5, 43, 65, 0
T141.3, 5, 12, 74, 0
T142, 1, 48, 46, 2
T142.1, 3, 6, 58, 0
T142.2, 4, 12, 90, 0
T143, 4, 39, 100, 0
T144, 2, 25, 51, 3
T144.1, 3, 43, 65, 0
T144.2, 5, 40, 68, 0
T144.3, 5, 23, 95, 0
T145, 4, 18, 92, 4
T145.1, 5, 21, 100, 0
T145.2, 5, 4, 100, 0
T145.3, 5, 48, 100, 0
T145.4, 5, 16, 100, 0
T146, 4, 27, 91, 3
T146.1, 5, 37, 100, 0
T146.2, 5, 18, 100, 0
T146.3, 5, 1, 100, 0
T147, 4, 20, 48, 1
T147.1, 4, 20, 77, 0
T148, 1, 36, 60, 4
T148.1, 2, 13, 87, 0
T148.2, 2, 20, 97, 0
T148.3, 5, 9, 99, 0
T148.4, 5, 2, 100, 0
T149, 4, 48, 34, 1
T149.1, 5, 40, 43, 0
T150, 3, 3, 87, 0
T151, 3, 39, 8, 3
T151.1, 4, 3, 62, 0
T151.2, 5, 45, 74, 0
T151.3, 5, 16, 85, 0
T152, 5, 37, 30, 0
T153, 4, 42, 23, 1
T153.1, 4, 16, 94, 0
T154, 2, 8, 33, 2
T154.1, 2, 15, 59, 0
T154.2, 5, 8, 96, 0
T155, 5, 49, 49, 1
T155.1, 5, 8, 67, 0
T156, 5, 4, 9, 3
T156.1, 5, 6, 27, 0
T156.2, 5, 12, 30, 0
T156.3, 5, 35, 78, 0
T157, 1, 1, 82, 0
T158, 1, 43, 36, 3
T158.1, 1, 44, 67, 0
T158.2, 3, 44, 78, 0
T158.3, 3, 34, 92, 0
T159, 3, 40, 89, 1
T159.1, 5, 14, 95, 0
T160, 4, 49, 29, 3
T160.1, 4, 30, 33, 0
T160.2, 5, 47, 61, 0
T160.3, 5, 25, 74, 0
T161, 2, 41, 70, 4
T161.1, 4, 34, 86, 0
T161.2, 5, 28, 94, 0
T161.3, 5, 22, 100, 0
T161.4, 5, 15, 100, 0
T162, 4, 47, 59, 1
T162.1, 5, 8, 61, 0
T163, 1, 2, 53, 1
T163.1, 3, 35, 84, 0
T164, 4, 30, 18, 1
T164.1, 4, 30, 91, 0
T165, 4, 5, 78, 0
T166, 4, 25, 46, 2
T166.1, 5, 25, 81, 0
T166.2, 5, 35, 100, 0
T167, 5, 26, 16, 4
T167.1, 5, 1, 42, 0
T167.2, 5, 22, 92, 0
T167.3, 5, 19, 93, 0
T167.4, 5, 15, 95, 0
T168, 3, 40, 91, 0
T169, 4, 43, 47, 2
T169.1, 4, 10, 73, 0
T169.2, 4, 45, 77, 0
T170, 5, 8, 6, 4
T170.1, 5, 33, 90, 0
T170.2, 5, 37, 98, 0
T170.3, 5, 13, 99, 0
T170.4, 5, 33, 100, 0
T171, 1, 50, 49, 3
T171.1, 2, 47, 74, 0
T171.2, 5, 31, 91, 0
T171.3, 5, 44, 95, 0
T172, 2, 8, 43, 0
T173, 4, 26, 16, 4
T173.1, 4, 46, 85, 0
T173.2, 4, 21, 97, 0
T173.3, 4, 44, 100, 0
T173.4, 5, 3, 100, 0
T174, 4, 31, 6, 2
T174.1, 5, 47, 87, 0
T174.2, 5, 34, 87, 0
T175, 3, 31, 60, 3
T175.1, 4, 35, 66, 0
T175.2, 4, 28, 70, 0
T175.3, 5, 26, 71, 0
T176, 4, 3, 90, 4
T176.1, 4, 28, 99, 0
T176.2, 5, 9, 99, 0
T176.3, 5, 24, 100, 0
T176.4, 5, 19, 100, 0
T177, 5, 30, 90, 3
T177.1, 5, 35, 100, 0
T177.2, 5, 20, 100, 0
T177.3, 5, 6, 100, 0
T178, 3, 32, 86, 3
T178.1, 5, 18, 94, 0
T178.2, 5, 14, 94, 0
T178.3, 5, 47, 99, 0
T179, 3, 39, 32, 4
T179.1, 4, 41, 53, 0
T179.2, 5, 45, 67, 0
T179.3, 5, 9, 98, 0
T179.4, 5, 15, 100, 0
T180, 2, 45, 0, 1
T180.1, 2, 4, 81, 0
T181, 4, 43, 88, 3
T181.1, 5, 22, 100, 0
T181.2, 5, 3, 100, 0
T181.3, 5, 29, 100, 0
T182, 4, 37, 50, 1
T182.1, 5, 7, 62, 0
T183, 3, 47, 93, 0
T184, 4, 20, 78, 1
T184.1, 5, 47, 98, 0
T185, 3, 24, 66, 4
T185.1, 3, 38, 83, 0
T185.2, 3, 43, 90, 0
T185.3, 4, 16, 91, 0
T185.4, 5, 29, 96, 0
T186, 1, 50, 20, 2
T186.1, 1, 28, 70, 0
T186.2, 4, 42, 83, 0
T187, 5, 30, 45, 1
T187.1, 5, 5, 74, 0
T188, 1, 1, 31, 0
T189, 1, 27, 83, 3
T189.1, 5, 19, 93, 0
T189.2, 5, 9, 95, 0
T189.3, 5, 22, 99, 0
T190, 2, 23, 57, 1
T190.1, 4, 49, 96, 0
T191, 1, 28, 60, 0
T192, 2, 35, 63, 0
T193, 1, 5, 5, 3
T193.1, 4, 16, 55, 0
T193.2, 5, 10, 62, 0
T193.3, 5, 46, 78, 0
T194, 2, 26, 57, 2
T194.1, 3, 50, 79, 0
T194.2, 4, 29, 91, 0
T195, 1, 38, 45, 3
T195.1, 1, 24, 100, 0
T195.2, 2, 27, 100, 0
T195.3, 3, 28, 100, 0
T196, 2, 40, 83, 4
T196.1, 5, 19, 91, 0
T196.2, 5, 32, 97, 0
T196.3, 5, 30, 99, 0
T196.4, 5, 41, 100, 0
T197, 3, 38, 4, 4
T197.1, 5, 31, 31, 0
T197.2, 5, 40, 35, 0
T197.3, 5, 47, 39, 0
T197.4, 5, 14, 87, 0
T198, 4, 9, 40, 2
T198.1, 4, 18, 90, 0
T198.2, 4, 20, 96, 0
T199, 5, 25, 34, 2
T199.1, 5, 2, 95, 0
T199.2, 5, 46, 100, 0
T200, 2, 32, 94, 1
T200.1, 3, 17, 98, 0
T201, 2, 49, 57, 4
T201.1, 4, 27, 67, 0
T201.2, 5, 41, 88, 0
T201.3, 5, 15, 96, 0
T201.4, 5, 7, 97, 0
T202, 4, 26, 2, 2
T202.1, 5, 13, 41, 0
T202.2, 5, 26, 58, 0
T203, 3, 18, 38, 4
T203.1, 3, 43, 93, 0
T203.2, 3, 35, 100, 0
T203.3, 4, 38, 100, 0
T203.4, 4, 22, 100, 0
T204, 1, 2, 67, 4
T204.1, 3, 6, 76, 0
T204.2, 4, 38, 94, 0
T204.3, 4, 42, 95, 0
T204.4, 5, 24, 95, 0
T205, 5, 22, 81, 1
T205.1, 5, 6, 100, 0
T206, 3, 35, 76, 1
T206.1, 3, 15, 99, 0
T207, 5, 36, 19, 3
T207.1, 5, 25, 30, 0
T207.2, 5, 6, 40, 0
T207.3, 5, 13, 97, 0
T208, 3, 14, 91, 4
T208.1, 5, 7, 93, 0
T208.2, 5, 24, 100, 0
T208.3, 5, 39, 100, 0
T208.4, 5, 6, 100, 0
T209, 4, 20, 11, 0
T210, 5, 38, 37, 1
T210.1, 5, 48, 56, 0
T211, 1, 11, 79, 1
T211.1, 4, 24, 97, 0
T212, 4, 11, 73, 2
T212.1, 5, 50, 85, 0
T212.2, 5, 26, 99, 0
T213, 1, 21, 80, 0
T214, 4, 37, 16, 2
T214.1, 5, 49, 52, 0
T214.2, 5, 28, 81, 0
T215, 3, 10, 34, 3
T215.1, 4, 6, 88, 0
T215.2, 5, 21, 97, 0
T215.3, 5, 14, 98, 0
T216, 3, 23, 58, 1
T216.1, 3, 41, 80, 0
T217, 3, 7, 12, 3
T217.1, 5, 33, 56, 0
T217.2, 5, 10, 65, 0
T217.3, 5, 13, 71, 0
T218, 2, 12, 2, 2
T218.1, 2, 24, 12, 0
T218.2, 3, 30, 79, 0
T219, 3, 12, 65, 3
T219.1, 4, 37, 85, 0
T219.2, 4, 15, 85, 0
T219.3, 5, 19, 97, 0
T220, 5, 30, 23, 0
T221, 2, 17, 72, 2
T221.1, 5, 33, 99, 0
T221.2, 5, 42, 100, 0
T222, 2, 34, 44, 1
T222.1, 2, 16, 79, 0
T223, 3, 15, 35, 1
T223.1, 4, 11, 94, 0
T224, 3, 27, 35, 1
T224.1, 3, 33, 75, 0
T225, 3, 36, 84, 3
T225.1, 5, 18, 99, 0
T225.2, 5, 34, 100, 0
T225.3, 5, 48, 100, 0
T226, 5, 48, 56, 2
T226.1, 5, 38, 90, 0
T226.2, 5, 13, 91, 0
T227, 2, 23, 75, 4
T227.1, 5, 21, 76, 0
T227.2, 5, 21, 96, 0
T227.3, 5, 12, 96, 0
T227.4, 5, 45, 97, 0
T228, 2, 28, 15, 0
T229, 4, 7, 10, 1
T229.1, 4, 34, 17, 0
T230, 3, 5, 72, 0
T231, 3, 25, 43, 2
T231.1, 3, 4, 80, 0
T231.2, 3, 31, 84, 0
T232, 5, 30, 57, 3
T232.1, 5, 6, 100, 0
T232.2, 5, 35, 100, 0
T232.3, 5, 2, 100, 0
T233, 2, 23, 14, 1
T233.1, 3, 15, 48, 0
T234, 3, 22, 99, 3
T234.1, 5, 46, 100, 0
T234.2, 5, 11, 100, 0
T234.3, 5, 33, 100, 0
T235, 2, 14, 86, 3
T235.1, 5, 3, 96, 0
T235.2, 5, 18, 98, 0
T235.3, 5, 34, 99, 0
T236, 5, 25, 81, 4
T236.1, 5, 41, 86, 0
T236.2, 5, 11, 100, 0
T236.3, 5, 1, 100, 0
T236.4, 5, 24, 100, 0
T237, 3, 8, 50, 1
T237.1, 3, 48, 78, 0
T238, 4, 42, 50, 2
T238.1, 5, 48, 95, 0
T238.2, 5, 27, 99, 0
T239, 5, 49, 88, 0
T240, 1, 44, 78, 1
T240.1, 5, 12, 80, 0
T241, 2, 27, 54, 0
T242, 2, 24, 36, 2
T242.1, 5, 12, 97, 0
T242.2, 5, 18, 100, 0
T243, 2, 6, 100, 2
T243.1, 3, 39, 100, 0
T243.2, 3, 26, 100, 0
T244, 4, 16, 23, 3
T244.1, 4, 21, 80, 0
T244.2, 5, 32, 82, 0
T244.3, 5, 21, 83, 0
T245, 3, 13, 71, 0
T246, 3, 29, 54, 3
T246.1, 3, 19, 73, 0
T246.2, 5, 43, 73, 0
T246.3, 5, 3, 100, 0
T247, 5, 41, 78, 1
T247.1, 5, 48, 81, 0
T248, 5, 1, 96, 2
T248.1, 5, 13, 97, 0
T248.2, 5, 21, 99, 0
T249, 3, 14, 54, 1
T249.1, 5, 47, 77, 0
T250, 2, 43, 61, 3
T250.1, 4, 37, 93, 0
T250.2, 4, 4, 96, 0
T250.3, 4, 44, 100, 0
T251, 1, 23, 22, 1
T251.1, 2, 12, 23, 0
T252, 4, 12, 98, 1
T252.1, 4, 29, 98, 0
T253, 4, 5, 8, 1
T253.1, 4, 1, 33, 0
T254, 1, 24, 97, 2
T254.1, 1, 37, 98, 0
T254.2, 5, 18, 98, 0
T255, 2, 39, 34, 4
T255.1, 4, 45, 52, 0
T255.2, 4, 35, 98, 0
T255.3, 4, 7, 98, 0
T255.4, 4, 48, 100, 0
T256, 2, 8, 48, 2
T256.1, 4, 24, 71, 0
T256.2, 5, 6, 89, 0
T257, 5, 21, 21, 2
T257.1, 5, 3, 88, 0
T257.2, 5, 12, 90, 0
T258, 3, 25, 58, 0
T259, 2, 25, 80, 3
T259.1, 3, 25, 88, 0
T259.2, 5, 7, 90, 0
T259.3, 5, 16, 92, 0
T260, 4, 37, 52, 0
T261, 5, 38, 49, 2
T261.1, 5, 26, 72, 0
T261.2, 5, 12, 88, 0
T262, 2, 17, 92, 1
T262.1, 2, 40, 95, 0
T263, 5, 44, 60, 1
T263.1, 5, 41, 96, 0
T264, 4, 30, 46, 3
T264.1, 4, 30, 87, 0
T264.2, 5, 21, 99, 0
T264.3, 5, 13, 99, 0
T265, 4, 21, 34, 3
T265.1, 4, 26, 36, 0
T265.2, 4, 9, 38, 0
T265.3, 4, 4, 57, 0
T266, 1, 46, 31, 1
T266.1, 4, 34, 91, 0
T267, 5, 40, 9, 2
T267.1, 5, 19, 47, 0
T267.2, 5, 13, 96, 0
T268, 1, 38, 73, 3
T268.1, 1, 9, 73, 0
T268.2, 2, 5, 76, 0
T268.3, 5, 49, 83, 0
T269, 2, 21, 51, 1
T269.1, 3, 48, 83, 0
T270, 1, 41, 7, 1
T270.1, 5, 8, 84, 0
T271, 2, 11, 73, 2
T271.1, 4, 30, 95, 0
T271.2, 5, 38, 97, 0
T272, 2, 21, 76, 2
T272.1, 2, 16, 86, 0
T272.2, 4, 17, 86, 0
T273, 4, 17, 71, 1
T273.1, 4, 3, 86, 0
T274, 4, 38, 77, 3
T274.1, 5, 31, 84, 0
T274.2, 5, 24, 91, 0
T274.3, 5, 29, 92, 0
T275, 4, 30, 50, 1
T275.1, 5, 40, 95, 0
T276, 5, 34, 1, 0
T277, 2, 9, 77, 2
T277.1, 4, 7, 86, 0
T277.2, 5, 41, 96, 0
T278, 1, 33, 43, 3
T278.1, 1, 1, 69, 0
T278.2, 1, 34, 78, 0
T278.3, 4, 10, 93, 0
T279, 1, 28, 28, 4
T279.1, 4, 34, 59, 0
T279.2, 5, 47, 92, 0
T279.3, 5, 41, 100, 0
T279.4, 5, 9, 100, 0
T280, 1, 6, 90, 1
T280.1, 3, 11, 94, 0
T281, 2, 8, 20, 3
T281.1, 5, 46, 83, 0
T281.2, 5, 47, 96, 0
T281.3, 5, 2, 100, 0
T282, 3, 6, 75, 2
T282.1, 5, 36, 92, 0
T282.2, 5, 35, 92, 0
T283, 4, 50, 84, 3
T283.1, 5, 46, 90, 0
T283.2, 5, 17, 94, 0
T283.3, 5, 7, 99, 0
T284, 4, 45, 8, 1
T284.1, 5, 5, 66, 0
T285, 1, 6, 77, 1
T285.1, 1, 40, 97, 0
T286, 3, 20, 93, 0
T287, 3, 42, 39, 2
T287.1, 4, 9, 62, 0
T287.2, 4, 47, 69, 0
T288, 4, 16, 100, 2
T288.1, 4, 30, 100, 0
T288.2, 5, 45, 100, 0
T289, 3, 48, 79, 0
T290, 4, 19, 1, 3
T290.1, 4, 46, 93, 0
T290.2, 5, 43, 96, 0
T290.3, 5, 15, 97, 0
T291, 2, 46, 85, 1
T291.1, 2, 49, 93, 0
T292, 3, 38, 79, 2
T292.1, 5, 26, 96, 0
T292.2, 5, 16, 99, 0
T293, 4, 23, 92, 2
T293.1, 5, 8, 97, 0
T293.2, 5, 6, 97, 0
T294, 3, 27, 1, 0
T295, 4, 17, 51, 2
T295.1, 5, 41, 89, 0
T295.2, 5, 36, 94, 0
T296, 1, 7, 90, 0
T297, 1, 43, 48, 0
T298, 4, 40, 72, 3
T298.1, 4, 7, 89, 0
T298.2, 5, 24, 97, 0
T298.3, 5, 47, 98, 0
T299, 5, 9, 14, 1
T299.1, 5, 22, 71, 0
T300, 3, 7, 30, 1
T300.1, 5, 48, 31, 0
T301, 4, 49, 32, 0
T302, 1, 17, 25, 2
T302.1, 4, 5, 58, 0
T302.2, 5, 17, 64, 0
T303, 3, 42, 34, 2
T303.1, 4, 13, 45, 0
T303.2, 4, 33, 87, 0
T304, 3, 19, 16, 1
T304.1, 3, 29, 95, 0
T305, 4, 13, 40, 4
T305.1, 4, 50, 44, 0
T305.2, 4, 9, 93, 0
T305.3, 5, 37, 97, 0
T305.4, 5, 41, 100, 0
T306, 2, 35, 3, 3
T306.1, 5, 6, 91, 0
T306.2, 5, 21, 99, 0
T306.3, 5, 37, 99, 0
T307, 4, 6, 30, 3
T307.1, 5, 47, 87, 0
T307.2, 5, 13, 98, 0
T307.3, 5, 26, 98, 0
T308, 5, 43, 33, 2
T308.1, 5, 6, 55, 0
T308.2, 5, 18, 90, 0
T309, 4, 44, 4, 2
T309.1, 4, 26, 9, 0
T309.2, 4, 20, 83, 0
T310, 4, 16, 53, 3
T310.1, 5, 49, 87, 0
T310.2, 5, 17, 89, 0
T310.3, 5, 27, 90, 0
T311, 5, 33, 39, 1
T311.1, 5, 44, 49, 0
T312, 2, 26, 74, 3
T312.1, 5, 29, 78, 0
T312.2, 5, 20, 80, 0
T312.3, 5, 5, 86, 0
T313, 1, 43, 35, 1
T313.1, 4, 43, 85, 0
T314, 3, 32, 35, 1
T314.1, 4, 9, 39, 0
T315, 5, 32, 69, 4
T315.1, 5, 27, 84, 0
T315.2, 5, 42, 96, 0
T315.3, 5, 4, 96, 0
T315.4, 5, 19, 99, 0
T316, 5, 50, 77, 0
T317, 1, 44, 67, 0
T318, 4, 34, 49, 3
T318.1, 4, 33, 93, 0
T318.2, 5, 49, 95, 0
T318.3, 5, 4, 97, 0
T319, 5, 18, 6, 4
T319.1, 5, 37, 69, 0
T319.2, 5, 32, 78, 0
T319.3, 5, 29, 84, 0
T319.4, 5, 44, 88, 0
T320, 3, 48, 4, 0
T321, 1, 12, 25, 1
T321.1, 1, 14, 40, 0
T322, 5, 35, 77, 4
T322.1, 5, 20, 90, 0
T322.2, 5, 38, 97, 0
T322.3, 5, 20, 98, 0
T322.4, 5, 46, 99, 0
T323, 3, 10, 100, 1
T323.1, 4, 23, 100, 0
T324, 4, 1, 55, 0
T325, 4, 24, 62, 0
T326, 2, 35, 70, 4
T326.1, 3, 9, 98, 0
T326.2, 3, 12, 99, 0
T326.3, 4, 48, 100, 0
T326.4, 4, 32, 100, 0
T327, 4, 31, 83, 2
T327.1, 5, 26, 95, 0
T327.2, 5, 45, 96, 0
T328, 2, 9, 48, 0
T329, 5, 8, 72, 1
T329.1, 5, 38, 73, 0
T330, 2, 9, 4, 3
T330.1, 2, 49, 20, 0
T330.2, 4, 17, 24, 0
T330.3, 5, 47, 87, 0
T331, 5, 6, 21, 0
T332, 3, 37, 100, 3
T332.1, 5, 9, 100, 0
T332.2, 5, 13, 100, 0
T332.3, 5, 22, 100, 0
T333, 3, 4, 46, 2
T333.1, 3, 13, 58, 0
T333.2, 5, 33, 95, 0
T334, 2, 43, 61, 3
T334.1, 5, 12, 85, 0
T334.2, 5, 41, 90, 0
T334.3, 5, 11, 91, 0
T335, 3, 41, 92, 2
T335.1, 4, 9, 97, 0
T335.2, 5, 30, 98, 0
T336, 4, 39, 56, 0
T337, 4, 37, 57, 3
T337.1, 5, 49, 87, 0
T337.2, 5, 49, 93, 0
T337.3, 5, 32, 95, 0
T338, 3, 36, 99, 2
T338.1, 5, 1, 99, 0
T338.2, 5, 2, 99, 0
T339, 4, 19, 18, 2
T339.1, 5, 39, 82, 0
T339.2, 5, 14, 83, 0
T340, 5, 30, 25, 4
T340.1, 5, 39, 85, 0
T340.2, 5, 20, 85, 0
T340.3, 5, 33, 88, 0
T340.4, 5, 6, 96, 0
T341, 4, 7, 44, 0
T342, 2, 42, 86, 1
T342.1, 2, 43, 96, 0
T343, 2, 7, 14, 3
T343.1, 3, 7, 76, 0
T343.2, 3, 49, 94, 0
T343.3, 5, 5, 100, 0
T344, 4, 5, 19, 1
T344.1, 5, 34, 32, 0
T345, 3, 40, 13, 2
T345.1, 4, 14, 84, 0
T345.2, 4, 17, 84, 0
T346, 4, 8, 35, 4
T346.1, 4, 11, 67, 0
T346.2, 4, 50, 98, 0
T346.3, 5, 16, 99, 0
T346.4, 5, 34, 100, 0
T347, 4, 20, 9, 2
T347.1, 5, 49, 93, 0
T347.2, 5, 19, 100, 0
T348, 1, 48, 67, 2
T348.1, 2, 24, 93, 0
T348.2, 2, 38, 97, 0
T349, 4, 42, 92, 2
T349.1, 5, 5, 95, 0
T349.2, 5, 45, 99, 0
T350, 2, 41, 41, 4
T350.1, 2, 3, 85, 0
T350.2, 4, 10, 98, 0
T350.3, 4, 49, 100, 0
T350.4, 5, 50, 100, 0
T351, 5, 49, 66, 3
T351.1, 5, 12, 97, 0
T351.2, 5, 49, 100, 0
T351.3, 5, 32, 100, 0
T352, 3, 1, 63, 1
T352.1, 3, 43, 81, 0
T353, 2, 20, 48, 2
T353.1, 5, 7, 86, 0
T353.2, 5, 21, 91, 0
T354, 1, 19, 94, 1
T354.1, 4, 46, 100, 0
T355, 3, 47, 70, 4
T355.1, 3, 15, 76, 0
T355.2, 5, 25, 88, 0
T355.3, 5, 23, 92, 0
T355.4, 5, 16, 100, 0
T356, 3, 4, 38, 4
T356.1, 5, 1, 62, 0
T356.2, 5, 23, 72, 0
T356.3, 5, 45, 84, 0
T356.4, 5, 7, 86, 0
T357, 1, 42, 17, 2
T357.1, 3, 8, 80, 0
T357.2, 4, 29, 92, 0
T358, 5, 32, 14, 4
T358.1, 5, 36, 39, 0
T358.2, 5, 9, 85, 0
T358.3, 5, 16, 95, 0
T358.4, 5, 47, 98, 0
T359, 5, 27, 95, 0
T360, 2, 9, 71, 3
T360.1, 2, 41, 74, 0
T360.2, 5, 28, 90, 0
T360.3, 5, 36, 99, 0
T361, 5, 12, 38, 2
T361.1, 5, 18, 85, 0
T361.2, 5, 39, 91, 0
T362, 2, 29, 60, 3
T362.1, 4, 31, 87, 0
T362.2, 5, 1, 99, 0
T362.3, 5, 12, 99, 0
T363, 3, 4, 48, 4
T363.1, 4, 23, 75, 0
T363.2, 5, 29, 75, 0
T363.3, 5, 36, 79, 0
T363.4, 5, 14, 83, 0
T364, 5, 2, 45, 0
T365, 1, 16, 3, 4
T365.1, 4, 37, 56, 0
T365.2, 4, 14, 89, 0
T365.3, 4, 10, 90, 0
T365.4, 4, 25, 94, 0
T366, 3, 16, 26, 2
T366.1, 4, 49, 66, 0
T366.2, 5, 3, 85, 0
T367, 4, 2, 68, 3
T367.1, 5, 44, 78, 0
T367.2, 5, 46, 91, 0
T367.3, 5, 35, 98, 0
T368, 3, 23, 42, 0
T369, 1, 23, 52, 2
T369.1, 5, 48, 70, 0
T369.2, 5, 34, 91, 0
T370, 3, 19, 87, 0
T371, 1, 30, 3, 1
T371.1, 3, 49, 49, 0
T372, 2, 6, 32, 3
T372.1, 2, 42, 67, 0
T372.2, 5, 24, 77, 0
T372.3, 5, 47, 82, 0
T373, 2, 42, 80, 2
T373.1, 3, 16, 80, 0
T373.2, 5, 16, 83, 0
T374, 1, 11, 18, 4
T374.1, 3, 28, 94, 0
T374.2, 5, 3, 97, 0
T374.3, 5, 35, 100, 0
T374.4, 5, 28, 100, 0
T375, 1, 6, 87, 1
T375.1, 1, 42, 100, 0
T376, 5, 27, 31, 1
T376.1, 5, 46, 63, 0
T377, 5, 8, 77, 4
T377.1, 5, 37, 84, 0
T377.2, 5, 43, 90, 0
T377.3, 5, 13, 91, 0
T377.4, 5, 16, 98, 0
T378, 2, 16, 23, 2
T378.1, 2, 34, 44, 0
T378.2, 3, 45, 81, 0
T379, 4, 41, 11, 2
T379.1, 5, 32, 36, 0
T379.2, 5, 14, 47, 0
T380, 1, 8, 68, 3
T380.1, 1, 24, 87, 0
T380.2, 2, 19, 97, 0
T380.3, 4, 44, 100, 0
T381, 1, 44, 84, 1
T381.1, 1, 40, 86, 0
T382, 1, 10, 65, 0
T383, 1, 44, 27, 4
T383.1, 2, 30, 32, 0
T383.2, 5, 12, 53, 0
T383.3, 5, 45, 65, 0
T383.4, 5, 22, 69, 0
T384, 5, 18, 37, 0
T385, 4, 25, 68, 0
T386, 4, 36, 56, 0
T387, 2, 20, 29, 1
T387.1, 5, 41, 87, 0
T388, 1, 43, 60, 1
T388.1, 4, 25, 62, 0
T389, 1, 24, 2, 2
T389.1, 4, 47, 87, 0
T389.2, 4, 6, 88, 0
T390, 5, 8, 0, 2
T390.1, 5, 2, 52, 0
T390.2, 5, 27, 58, 0
T391, 2, 2, 74, 0
T392, 5, 14, 3, 2
T392.1, 5, 26, 73, 0
T392.2, 5, 7, 96, 0
T393, 5, 13, 65, 4
T393.1, 5, 33, 78, 0
T393.2, 5, 8, 78, 0
T393.3, 5, 19, 89, 0
T393.4, 5, 20, 94, 0
T394, 3, 17, 11, 1
T394.1, 4, 22, 40, 0
T395, 5, 42, 73, 1
T395.1, 5, 23, 97, 0
T396, 5, 25, 9, 1
T396.1, 5, 17, 22, 0
T397, 5, 19, 58, 3
T397.1, 5, 32, 97, 0
T397.2, 5, 50, 100, 0
T397.3, 5, 38, 100, 0
T398, 3, 21, 12, 0
T399, 5, 11, 78, 4
T399.1, 5, 28, 80, 0
T399.2, 5, 29, 93, 0
T399.3, 5, 5, 94, 0
T399.4, 5, 50, 96, 0
T400, 4, 33, 38, 4
T400.1, 4, 39, 92, 0
T400.2, 5, 31, 95, 0
T400.3, 5, 35, 98, 0
T400.4, 5, 24, 99, 0
T401, 2, 41, 49, 4
T401.1, 5, 31, 49, 0
T401.2, 5, 49, 61, 0
T401.3, 5, 41, 68, 0
T401.4, 5, 41, 93, 0
T402, 1, 43, 34, 0
T403, 2, 30, 29, 2
T403.1, 4, 42, 78, 0
T403.2, 5, 3, 95, 0
T404, 5, 20, 82, 0
T405, 5, 37, 50, 0
T406, 5, 14, 35, 1
T406.1, 5, 4, 61, 0
T407, 2, 18, 18, 4
T407.1, 2, 4, 56, 0
T407.2, 5, 34, 56, 0
T407.3, 5, 41, 67, 0
T407.4, 5, 32, 69, 0
T408, 2, 45, 60, 1
T408.1, 3, 39, 97, 0
T409, 5, 26, 26, 3
T409.1, 5, 4, 46, 0
T409.2, 5, 12, 66, 0
T409.3, 5, 47, 100, 0
T410, 1, 36, 62, 3
T410.1, 5, 3, 99, 0
T410.2, 5, 46, 100, 0
T410.3, 5, 8, 100, 0
T411, 5, 11, 76, 0
T412, 3, 39, 53, 4
T412.1, 4, 33, 95, 0
T412.2, 5, 27, 100, 0
T412.3, 5, 22, 100, 0
T412.4, 5, 40, 100, 0
T413, 2, 23, 0, 4
T413.1, 5, 2, 15, 0
T413.2, 5, 37, 20, 0
T413.3, 5, 44, 90, 0
T413.4, 5, 16, 97, 0
T414, 5, 30, 57, 2
T414.1, 5, 47, 86, 0
T414.2, 5, 34, 90, 0
T415, 4, 46, 64, 3
T415.1, 4, 38, 92, 0
T415.2, 4, 29, 97, 0
T415.3, 5, 16, 100, 0
T416, 2, 29, 87, 3
T416.1, 2, 29, 96, 0
T416.2, 4, 40, 96, 0
T416.3, 4, 42, 100, 0
T417, 1, 40, 17, 2
T417.1, 5, 37, 55, 0
T417.2, 5, 40, 80, 0
T418, 1, 23, 90, 0
T419, 1, 26, 13, 4
T419.1, 1, 24, 75, 0
T419.2, 1, 16, 93, 0
T419.3, 2, 36, 93, 0
T419.4, 5, 31, 98, 0
T420, 3, 41, 90, 0
T421, 5, 49, 13, 2
T421.1, 5, 44, 13, 0
T421.2, 5, 12, 49, 0
T422, 1, 8, 92, 0
T423, 1, 47, 82, 2
T423.1, 5, 46, 86, 0
T423.2, 5, 33, 86, 0
T424, 2, 10, 87, 2
T424.1, 3, 22, 94, 0
T424.2, 4, 48, 94, 0
T425, 3, 21, 21, 0
T426, 5, 23, 5, 2
T426.1, 5, 44, 60, 0
T426.2, 5, 40, 97, 0
T427, 4, 26, 43, 2
T427.1, 5, 14, 46, 0
T427.2, 5, 4, 59, 0
T428, 3, 37, 21, 0
T429, 5, 34, 98, 3
T429.1, 5, 23, 100, 0
T429.2, 5, 18, 100, 0
T429.3, 5, 16, 100, 0
T430, 1, 5, 19, 0
T431, 1, 36, 32, 3
T431.1, 1, 19, 33, 0
T431.2, 5, 31, 93, 0
T431.3, 5, 18, 97, 0
T432, 3, 47, 99, 0
T433, 5, 23, 0, 0
T434, 4, 25, 73, 2
T434.1, 4, 28, 88, 0
T434.2, 5, 13, 90, 0
T435, 3, 13, 18, 4
T435.1, 4, 15, 93, 0
T435.2, 4, 12, 99, 0
T435.3, 4, 33, 99, 0
T435.4, 5, 48, 100, 0
T436, 4, 41, 44, 1
T436.1, 5, 40, 68, 0
T437, 3, 25, 18, 0
T438, 1, 16, 55, 1
T438.1, 1, 7, 76, 0
T439, 3, 21, 76, 2
T439.1, 4, 19, 89, 0
T439.2, 4, 26, 92, 0
T440, 2, 14, 46, 4
T440.1, 2, 23, 68, 0
T440.2, 5, 22, 99, 0
T440.3, 5, 18, 100, 0
T440.4, 5, 37, 100, 0
T441, 4, 30, 15, 1
T441.1, 4, 25, 80, 0
T442, 5, 14, 47, 2
T442.1, 5, 33, 87, 0
T442.2, 5, 27, 98, 0
T443, 3, 36, 1, 4
T443.1, 3, 34, 36, 0
T443.2, 3, 41, 47, 0
T443.3, 5, 28, 76, 0
T443.4, 5, 41, 100, 0
T444, 5, 39, 34, 3
T444.1, 5, 30, 73, 0
T444.2, 5, 14, 75, 0
T444.3, 5, 14, 89, 0
T445, 2, 22, 94, 2
T445.1, 4, 16, 96, 0
T445.2, 5, 10, 98, 0
T446, 2, 36, 37, 2
T446.1, 2, 38, 64, 0
T446.2, 4, 21, 99, 0
T447, 1, 26, 53, 4
T447.1, 1, 23, 72, 0
T447.2, 3, 2, 94, 0
T447.3, 4, 8, 97, 0
T447.4, 4, 23, 98, 0
T448, 2, 48, 90, 2
T448.1, 3, 21, 99, 0
T448.2, 3, 16, 99, 0
T449, 5, 36, 10, 1
T449.1, 5, 30, 72, 0
T450, 2, 28, 6, 1
T450.1, 2, 21, 95, 0
T451, 4, 5, 30, 1
T451.1, 4, 23, 32, 0
T452, 2, 39, 38, 4
T452.1, 4, 43, 53, 0
T452.2, 4, 30, 81, 0
T452.3, 4, 42, 95, 0
T452.4, 5, 26, 95, 0
T453, 5, 35, 6, 4
T453.1, 5, 46, 25, 0
T453.2, 5, 33, 53, 0
T453.3, 5, 50, 60, 0
T453.4, 5, 26, 71, 0
T454, 5, 47, 57, 1
T454.1, 5, 39, 74, 0
T455, 2, 47, 42, 1
T455.1, 2, 6, 54, 0
T456, 4, 11, 52, 1
T456.1, 5, 33, 97, 0
T457, 3, 6, 45, 1
T457.1, 5, 10, 100, 0
T458, 4, 1, 94, 4
T458.1, 4, 21, 94, 0
T458.2, 4, 32, 100, 0
T458.3, 5, 30, 100, 0
T458.4, 5, 34, 100, 0
T459, 5, 14, 81, 1
T459.1, 5, 19, 97, 0
T460, 5, 17, 32, 0
T461, 3, 50, 85, 2
T461.1, 5, 50, 99, 0
T461.2, 5, 24, 99, 0
T462, 2, 15, 6, 4
T462.1, 3, 12, 36, 0
T462.2, 3, 8, 47, 0
T462.3, 4, 7, 71, 0
T462.4, 4, 7, 97, 0
T463, 1, 9, 8, 0
T464, 5, 21, 44, 1
T464.1, 5, 31, 56, 0
T465, 1, 14, 96, 1
T465.1, 2, 31, 98, 0
T466, 3, 3, 5, 1
T466.1, 5, 10, 100, 0
T467, 3, 14, 68, 4
T467.1, 4, 38, 82, 0
T467.2, 5, 45, 95, 0
T467.3, 5, 18, 97, 0
T467.4, 5, 27, 100, 0
T468, 5, 48, 72, 0
T469, 2, 46, 36, 4
T469.1, 3, 12, 51, 0
T469.2, 3, 16, 94, 0
T469.3, 3, 19, 99, 0
T469.4, 3, 38, 99, 0
T470, 4, 27, 1, 4
T470.1, 5, 33, 77, 0
T470.2, 5, 27, 97, 0
T470.3, 5, 24, 98, 0
T470.4, 5, 36, 98, 0
T471, 3, 25, 86, 4
T471.1, 3, 39, 91, 0
T471.2, 5, 17, 96, 0
T471.3, 5, 44, 99, 0
T471.4, 5, 10, 100, 0
T472, 5, 1, 80, 2
T472.1, 5, 44, 83, 0
T472.2, 5, 33, 89, 0
T473, 3, 22, 75, 1
T473.1, 4, 30, 90, 0
T474, 2, 11, 68, 2
T474.1, 4, 50, 75, 0
T474.2, 4, 25, 76, 0
T475, 3, 17, 57, 4
T475.1, 4, 48, 90, 0
T475.2, 5, 21, 99, 0
T475.3, 5, 43, 99, 0
T475.4, 5, 34, 99, 0
T476, 4, 47, 64, 4
T476.1, 5, 49, 79, 0
T476.2, 5, 9, 95, 0
T476.3, 5, 48, 95, 0
T476.4, 5, 38, 98, 0
T477, 1, 19, 74, 4
T477.1, 1, 3, 76, 0
T477.2, 3, 34, 95, 0
T477.3, 4, 31, 99, 0
T477.4, 4, 2, 100, 0
T478, 3, 8, 100, 1
T478.1, 4, 16, 100, 0
T479, 2, 29, 4, 0
T480, 1, 30, 35, 3
T480.1, 4, 39, 42, 0
T480.2, 4, 19, 92, 0
T480.3, 5, 32, 96, 0
T481, 5, 30, 21, 2
T481.1, 5, 41, 98, 0
T481.2, 5, 1, 98, 0
T482, 4, 45, 80, 4
T482.1, 5, 38, 90, 0
T482.2, 5, 32, 97, 0
T482.3, 5, 23, 97, 0
T482.4, 5, 36, 97, 0
T483, 1, 36, 9, 0
T484, 4, 43, 88, 2
T484.1, 4, 28, 96, 0
T484.2, 4, 19, 97, 0
T485, 5, 15, 36, 2
T485.1, 5, 43, 50, 0
T485.2, 5, 19, 53, 0
T486, 1, 4, 90, 4
T486.1, 4, 20, 100, 0
T486.2, 4, 37, 100, 0
T486.3, 5, 1, 100, 0
T486.4, 5, 36, 100, 0
T487, 2, 24, 38, 0
T488, 1, 28, 96, 1
T488.1, 3, 3, 98, 0
T489, 1, 50, 11, 1
T489.1, 4, 35, 58, 0
T490, 5, 6, 2, 0
T491, 3, 12, 84, 1
T491.1, 5, 9, 86, 0
T492, 5, 47, 33, 2
T492.1, 5, 39, 93, 0
T492.2, 5, 4, 98, 0
T493, 1, 17, 59, 3
T493.1, 4, 30, 68, 0
T493.2, 5, 43, 74, 0
T493.3, 5, 22, 91, 0
T494, 2, 13, 80, 4
T494.1, 5, 17, 81, 0
T494.2, 5, 48, 81, 0
T494.3, 5, 23, 99, 0
T494.4, 5, 48, 99, 0
T495, 4, 7, 49, 3
T495.1, 4, 45, 80, 0
T495.2, 4, 24, 86, 0
T495.3, 5, 25, 89, 0
T496, 3, 5, 79, 2
T496.1, 5, 50, 79, 0
T496.2, 5, 12, 80, 0
T497, 3, 38, 5, 2
T497.1, 5, 36, 20, 0
T497.2, 5, 41, 72, 0
T498, 5, 39, 42, 2
T498.1, 5, 2, 71, 0
T498.2, 5, 46, 90, 0
T499, 4, 10, 43, 2
T499.1, 4, 12, 99, 0
T499.2, 4, 9, 100, 0
T500, 3, 50, 52, 0
T501, 2, 17, 52, 4
T501.1, 4, 9, 82, 0
T501.2, 4, 20, 99, 0
T501.3, 5, 11, 99, 0
T501.4, 5, 2, 100, 0
T502, 3, 10, 39, 2
T502.1, 4, 8, 46, 0
T502.2, 4, 40, 85, 0
T503, 5, 49, 60, 2
T503.1, 5, 50, 71, 0
T503.2, 5, 16, 81, 0
T504, 4, 2, 5, 4
T504.1, 5, 26, 30, 0
T504.2, 5, 16, 60, 0
T504.3, 5, 45, 72, 0
T504.4, 5, 31, 84, 0
T505, 5, 29, 86, 4
T505.1, 5, 4, 93, 0
T505.2, 5, 27, 96, 0
T505.3, 5, 19, 100, 0
T505.4, 5, 20, 100, 0
T506, 4, 28, 8, 4
T506.1, 5, 24, 36, 0
T506.2, 5, 18, 85, 0
T506.3, 5, 6, 85, 0
T506.4, 5, 44, 92, 0
T507, 5, 42, 24, 4
T507.1, 5, 30, 35, 0
T507.2, 5, 16, 100, 0
T507.3, 5, 14, 100, 0
T507.4, 5, 45, 100, 0
T508, 4, 35, 41, 3
T508.1, 5, 34, 85, 0
T508.2, 5, 10, 86, 0
T508.3, 5, 34, 95, 0
T509, 3, 42, 48, 3
T509.1, 5, 50, 74, 0
T509.2, 5, 49, 89, 0
T509.3, 5, 20, 92, 0
T510, 4, 5, 88, 0
T511, 2, 35, 46, 1
T511.1, 5, 8, 71, 0
T512, 1, 38, 9, 0
T513, 5, 38, 49, 4
T513.1, 5, 5, 92, 0
T513.2, 5, 44, 99, 0
T513.3, 5, 10, 100, 0
T513.4, 5, 19, 100, 0
T514, 2, 47, 15, 2
T514.1, 4, 24, 52, 0
T514.2, 5, 13, 82, 0
T515, 4, 34, 54, 1
T515.1, 4, 49, 87, 0
T516, 3, 26, 42, 1
T516.1, 3, 10, 54, 0
T517, 4, 23, 2, 4
T517.1, 5, 27, 61, 0
T517.2, 5, 38, 84, 0
T517.3, 5, 1, 94, 0
T517.4, 5, 43, 94, 0
T518, 3, 35, 51, 3
T518.1, 4, 2, 89, 0
T518.2, 5, 8, 94, 0
T518.3, 5, 48, 96, 0
T519, 4, 9, 54, 3
T519.1, 5, 31, 86, 0
T519.2, 5, 24, 95, 0
T519.3, 5, 12, 99, 0
T520, 3, 8, 27, 4
T520.1, 3, 17, 59, 0
T520.2, 5, 48, 82, 0
T520.3, 5, 40, 89, 0
T520.4, 5, 5, 94, 0
T521, 3, 18, 89, 0
T522, 1, 46, 16, 0
T523, 1, 27, 50, 4
T523.1, 4, 30, 61, 0
T523.2, 5, 11, 94, 0
T523.3, 5, 9, 98, 0
T523.4, 5, 49, 99, 0
T524, 3, 46, 85, 4
T524.1, 4, 40, 93, 0
T524.2, 4, 27, 96, 0
T524.3, 5, 25, 99, 0
T524.4, 5, 1, 100, 0
T525, 2, 38, 80, 4
T525.1, 2, 6, 98, 0
T525.2, 2, 41, 99, 0
T525.3, 4, 2, 99, 0
T525.4, 4, 13, 99, 0
T526, 5, 1, 58, 3
T526.1, 5, 37, 64, 0
T526.2, 5, 25, 92, 0
T526.3, 5, 50, 99, 0
T527, 2, 23, 54, 4
T527.1, 4, 17, 73, 0
T527.2, 5, 32, 80, 0
T527.3, 5, 29, 92, 0
T527.4, 5, 15, 96, 0
T528, 3, 21, 82, 0
T529, 1, 19, 100, 4
T529.1, 2, 26, 100, 0
T529.2, 4, 26, 100, 0
T529.3, 4, 27, 100, 0
T529.4, 4, 18, 100, 0
T530, 2, 31, 76, 4
T530.1, 5, 49, 84, 0
T530.2, 5, 25, 94, 0
T530.3, 5, 29, 98, 0
T530.4, 5, 40, 98, 0
T531, 3, 40, 29, 1
T531.1, 5, 27, 60, 0
T532, 3, 49, 15, 2
T532.1, 5, 49, 99, 0
T532.2, 5, 12, 99, 0
T533, 2, 38, 49, 4
T533.1, 2, 15, 62, 0
T533.2, 3, 43, 89, 0
T533.3, 5, 1, 96, 0
T533.4, 5, 7, 98, 0
T534, 4, 34, 42, 1
T534.1, 4, 20, 54, 0
T535, 5, 39, 52, 2
T535.1, 5, 50, 72, 0
T535.2, 5, 27, 99, 0
T536, 3, 1, 93, 1
T536.1, 5, 41, 100, 0
T537, 5, 45, 39, 2
T537.1, 5, 14, 79, 0
T537.2, 5, 41, 90, 0
T538, 4, 10, 17, 3
T538.1, 4, 4, 68, 0
T538.2, 4, 13, 97, 0
T538.3, 5, 33, 98, 0
T539, 4, 44, 97, 0
T540, 4, 4, 37, 4
T540.1, 4, 7, 90, 0
T540.2, 4, 41, 91, 0
T540.3, 4, 38, 100, 0
T540.4, 4, 17, 100, 0
T541, 1, 8, 70, 1
T541.1, 4, 22, 92, 0
T542, 2, 37, 39, 0
T543, 3, 11, 97, 3
T543.1, 3, 38, 98, 0
T543.2, 3, 21, 100, 0
T543.3, 5, 44, 100, 0
T544, 5, 18, 14, 3
T544.1, 5, 42, 67, 0
T544.2, 5, 4, 78, 0
T544.3, 5, 4, 100, 0
T545, 1, 31, 6, 3
T545.1, 4, 25, 100, 0
T545.2, 5, 7, 100, 0
T545.3, 5, 8, 100, 0
T546, 2, 3, 0, 4
T546.1, 5, 43, 88, 0
T546.2, 5, 34, 100, 0
T546.3, 5, 49, 100, 0
T546.4, 5, 42, 100, 0
T547, 4, 4, 25, 4
T547.1, 5, 9, 80, 0
T547.2, 5, 25, 88, 0
T547.3, 5, 12, 93, 0
T547.4, 5, 34, 95, 0
T548, 5, 42, 32, 2
T548.1, 5, 13, 70, 0
T548.2, 5, 13, 90, 0
T549, 1, 18, 3, 4
T549.1, 5, 17, 84, 0
T549.2, 5, 25, 87, 0
T549.3, 5, 21, 94, 0
T549.4, 5, 29, 100, 0
T550, 3, 28, 53, 0
T551, 4, 2, 1, 4
T551.1, 4, 8, 71, 0
T551.2, 4, 36, 93, 0
T551.3, 4, 6, 99, 0
T551.4, 5, 41, 99, 0
T552, 1, 2, 4, 1
T552.1, 2, 35, 85, 0
T553, 3, 9, 79, 3
T553.1, 4, 8, 82, 0
T553.2, 4, 42, 95, 0
T553.3, 5, 26, 96, 0
T554, 1, 49, 48, 1
T554.1, 1, 4, 73, 0
T555, 1, 30, 13, 2
T555.1, 3, 49, 97, 0
T555.2, 3, 3, 97, 0
T556, 4, 46, 3, 4
T556.1, 5, 13, 17, 0
T556.2, 5, 15, 67, 0
T556.3, 5, 44, 81, 0
T556.4, 5, 7, 97, 0
T557, 4, 41, 25, 4
T557.1, 5, 36, 60, 0
T557.2, 5, 25, 93, 0
T557.3, 5, 13, 98, 0
T557.4, 5, 20, 100, 0
T558, 2, 36, 32, 3
T558.1, 2, 48, 89, 0
T558.2, 5, 38, 97, 0
T558.3, 5, 32, 98, 0
T559, 5, 6, 28, 2
T559.1, 5, 37, 64, 0
T559.2, 5, 10, 84, 0
T560, 5, 10, 43, 3
T560.1, 5, 1, 85, 0
T560.2, 5, 43, 92, 0
T560.3, 5, 40, 95, 0
T561, 3, 4, 26, 3
T561.1, 4, 32, 78, 0
T561.2, 5, 33, 92, 0
T561.3, 5, 36, 94, 0
T562, 4, 19, 31, 2
T562.1, 4, 8, 70, 0
T562.2, 4, 18, 82, 0
T563, 3, 22, 32, 3
T563.1, 5, 19, 41, 0
T563.2, 5, 28, 61, 0
T563.3, 5, 35, 88, 0
T564, 2, 33, 32, 1
T564.1, 5, 4, 58, 0
T565, 5, 43, 33, 3
T565.1, 5, 40, 99, 0
T565.2, 5, 25, 99, 0
T565.3, 5, 33, 100, 0
T566, 1, 9, 58, 2
T566.1, 1, 4, 92, 0
T566.2, 4, 23, 100, 0
T567, 3, 7, 7, 2
T567.1, 5, 17, 63, 0
T567.2, 5, 23, 95, 0
T568, 3, 38, 5, 3
T568.1, 3, 48, 46, 0
T568.2, 4, 12, 95, 0
T568.3, 5, 44, 96, 0
T569, 2, 38, 94, 0
T570, 5, 36, 37, 4
T570.1, 5, 20, 88, 0
T570.2, 5, 23, 89, 0
T570.3, 5, 7, 100, 0
T570.4, 5, 47, 100, 0
T571, 3, 28, 53, 3
T571.1, 5, 4, 99, 0
T571.2, 5, 14, 99, 0
T571.3, 5, 23, 99, 0
T572, 1, 15, 57, 1
T572.1, 1, 39, 90, 0
T573, 5, 3, 85, 4
T573.1, 5, 17, 96, 0
T573.2, 5, 11, 98, 0
T573.3, 5, 9, 100, 0
T573.4, 5, 13, 100, 0
T574, 2, 26, 28, 3
T574.1, 5, 17, 99, 0
T574.2, 5, 5, 100, 0
T574.3, 5, 42, 100, 0
T575, 1, 50, 34, 4
T575.1, 2, 10, 56, 0
T575.2, 4, 42, 75, 0
T575.3, 5, 45, 80, 0
T575.4, 5, 33, 98, 0
T576, 5, 29, 24, 4
T576.1, 5, 5, 69, 0
T576.2, 5, 19, 76, 0
T576.3, 5, 14, 92, 0
T576.4, 5, 36, 95, 0
T577, 4, 37, 15, 1
T577.1, 4, 5, 27, 0
T578, 4, 40, 5, 0
T579, 2, 17, 14, 4
T579.1, 2, 39, 32, 0
T579.2, 4, 22, 61, 0
T579.3, 4, 10, 98, 0
T579.4, 4, 40, 100, 0
T580, 2, 11, 8, 4
T580.1, 3, 21, 35, 0
T580.2, 4, 26, 52, 0
T580.3, 5, 36, 81, 0
T580.4, 5, 5, 90, 0
T581, 5, 48, 85, 3
T581.1, 5, 15, 87, 0
T581.2, 5, 18, 90, 0
T581.3, 5, 27, 100, 0
T582, 4, 39, 19, 0
T583, 5, 44, 63, 0
T584, 4, 40, 21, 1
T584.1, 5, 2, 73, 0
T585, 2, 3, 34, 1
T585.1, 5, 27, 55, 0
T586, 4, 14, 4, 4
T586.1, 4, 14, 6, 0
T586.2, 5, 46, 17, 0
T586.3, 5, 49, 78, 0
T586.4, 5, 17, 92, 0
T587, 5, 37, 56, 1
T587.1, 5, 6, 75, 0
T588, 1, 28, 43, 2
T588.1, 3, 30, 61, 0
T588.2, 4, 38, 93, 0
T589, 1, 34, 40, 4
T589.1, 5, 16, 93, 0
T589.2, 5, 43, 100, 0
T589.3, 5, 3, 100, 0
T589.4, 5, 45, 100, 0
T590, 3, 13, 61, 0
T591, 1, 16, 76, 1
T591.1, 3, 28, 83, 0
T592, 1, 29, 18, 3
T592.1, 3, 2, 80, 0
T592.2, 3, 40, 97, 0
T592.3, 3, 7, 99, 0
T593, 2, 37, 96, 3
T593.1, 2, 12, 97, 0
T593.2, 3, 2, 99, 0
T593.3, 3, 27, 100, 0
T594, 5, 44, 25, 4
T594.1, 5, 8, 45, 0
T594.2, 5, 6, 59, 0
T594.3, 5, 38, 65, 0
T594.4, 5, 8, 84, 0
T595, 5, 36, 51, 0
T596, 4, 44, 63, 1
T596.1, 5, 35, 77, 0
T597, 3, 44, 76, 2
T597.1, 4, 2, 87, 0
T597.2, 4, 25, 96, 0
T598, 1, 10, 2, 2
T598.1, 2, 1, 81, 0
T598.2, 4, 34, 98, 0
T599, 3, 22, 29, 0
T600, 5, 38, 44, 3
T600.1, 5, 39, 79, 0
T600.2, 5, 48, 81, 0
T600.3, 5, 4, 89, 0
T601, 2, 4, 52, 1
T601.1, 2, 8, 88, 0
T602, 5, 46, 82, 0
T603, 3, 33, 80, 2
T603.1, 4, 35, 85, 0
T603.2, 4, 31, 96, 0
T604, 4, 1, 26, 0
T605, 3, 27, 33, 0
T606, 2, 41, 34, 3
T606.1, 4, 49, 87, 0
T606.2, 4, 15, 89, 0
T606.3, 4, 3, 99, 0
T607, 2, 41, 59, 4
T607.1, 2, 27, 90, 0
T607.2, 4, 9, 93, 0
T607.3, 4, 42, 96, 0
T607.4, 4, 1, 97, 0
T608, 3, 41, 15, 0
T609, 2, 8, 80, 2
T609.1, 3, 47, 84, 0
T609.2, 3, 24, 100, 0
T610, 3, 22, 68, 1
T610.1, 4, 49, 70, 0
T611, 5, 37, 76, 4
T611.1, 5, 22, 96, 0
T611.2, 5, 15, 99, 0
T611.3, 5, 21, 100, 0
T611.4, 5, 19, 100, 0
T612, 1, 18, 81, 1
T612.1, 3, 43, 97, 0
T613, 3, 12, 47, 2
T613.1, 5, 25, 78, 0
T613.2, 5, 48, 89, 0
T614, 1, 6, 60, 2
T614.1, 4, 1, 81, 0
T614.2, 5, 39, 89, 0
T615, 2, 2, 31, 4
T615.1, 3, 43, 78, 0
T615.2, 5, 43, 90, 0
T615.3, 5, 19, 92, 0
T615.4, 5, 34, 92, 0
T616, 5, 29, 59, 4
T616.1, 5, 47, 65, 0
T616.2, 5, 48, 84, 0
T616.3, 5, 37, 91, 0
T616.4, 5, 23, 99, 0
T617, 3, 31, 74, 1
T617.1, 3, 43, 89, 0
T618, 4, 23, 98, 1
T618.1, 4, 23, 100, 0
T619, 3, 40, 61, 3
T619.1, 4, 10, 93, 0
T619.2, 4, 32, 99, 0
T619.3, 4, 47, 100, 0
T620, 4, 33, 49, 4
T620.1, 4, 15, 76, 0
T620.2, 5, 35, 91, 0
T620.3, 5, 16, 97, 0
T620.4, 5, 39, 98, 0
T621, 3, 18, 38, 0
T622, 4, 45, 60, 1
T622.1, 4, 27, 68, 0
T623, 1, 11, 5, 4
T623.1, 2, 16, 71, 0
T623.2, 3, 24, 73, 0
T623.3, 4, 40, 82, 0
T623.4, 5, 46, 93, 0
T624, 4, 7, 73, 0
T625, 4, 23, 16, 0
T626, 2, 17, 83, 2
T626.1, 3, 30, 98, 0
T626.2, 3, 38, 100, 0
T627, 4, 46, 29, 3
T627.1, 4, 16, 44, 0
T627.2, 4, 26, 83, 0
T627.3, 4, 36, 92, 0
T628, 4, 41, 44, 3
T628.1, 5, 8, 99, 0
T628.2, 5, 11, 99, 0
T628.3, 5, 25, 100, 0
T629, 2, 13, 76, 2
T629.1, 3, 35, 85, 0
T629.2, 5, 40, 97, 0
T630, 4, 31, 89, 0
T631, 4, 50, 89, 4
T631.1, 5, 42, 96, 0
T631.2, 5, 44, 96, 0
T631.3, 5, 39, 99, 0
T631.4, 5, 5, 99, 0
T632, 5, 16, 77, 1
T632.1, 5, 40, 98, 0
T633, 1, 23, 53, 0
T634, 2, 31, 79, 3
T634.1, 5, 49, 94, 0
T634.2, 5, 10, 100, 0
T634.3, 5, 38, 100, 0
T635, 1, 27, 44, 1
T635.1, 5, 4, 56, 0
T636, 3, 10, 21, 1
T636.1, 4, 38, 42, 0
T637, 1, 28, 61, 3
T637.1, 1, 17, 72, 0
T637.2, 3, 1, 92, 0
T637.3, 3, 46, 92, 0
T638, 2, 42, 98, 0
T639, 5, 5, 83, 2
T639.1, 5, 41, 97, 0
T639.2, 5, 21, 98, 0
T640, 4, 3, 8, 1
T640.1, 4, 41, 89, 0
T641, 3, 27, 21, 4
T641.1, 5, 20, 21, 0
T641.2, 5, 2, 58, 0
T641.3, 5, 30, 63, 0
T641.4, 5, 5, 72, 0
T642, 4, 42, 14, 0
T643, 5, 32, 30, 1
T643.1, 5, 14, 93, 0
T644, 5, 24, 65, 1
T644.1, 5, 31, 98, 0
T645, 1, 42, 84, 3
T645.1, 3, 3, 84, 0
T645.2, 4, 6, 97, 0
T645.3, 5, 43, 98, 0
T646, 2, 37, 20, 2
T646.1, 4, 7, 55, 0
T646.2, 5, 23, 91, 0
T647, 5, 17, 95, 1
T647.1, 5, 48, 97, 0
T648, 1, 24, 43, 2
T648.1, 4, 46, 90, 0
T648.2, 5, 40, 97, 0
T649, 2, 36, 69, 3
T649.1, 2, 15, 94, 0
T649.2, 4, 39, 100, 0
T649.3, 5, 21, 100, 0
T650, 4, 43, 98, 3
T650.1, 4, 37, 98, 0
T650.2, 4, 30, 99, 0
T650.3, 4, 22, 100, 0
T651, 4, 36, 1, 3
T651.1, 4, 43, 70, 0
T651.2, 4, 1, 73, 0
T651.3, 4, 32, 99, 0
T652, 4, 18, 62, 1
T652.1, 4, 38, 62, 0
T653, 4, 46, 22, 0
T654, 5, 11, 22, 4
T654.1, 5, 10, 45, 0
T654.2, 5, 14, 74, 0
T654.3, 5, 21, 76, 0
T654.4, 5, 31, 100, 0
T655, 4, 47, 6, 0
T656, 3, 38, 96, 2
T656.1, 4, 48, 97, 0
T656.2, 4, 40, 97, 0
T657, 4, 14, 41, 0
T658, 5, 10, 30, 3
T658.1, 5, 22, 73, 0
T658.2, 5, 13, 95, 0
T658.3, 5, 40, 95, 0
T659, 4, 26, 26, 0
T660, 1, 7, 17, 4
T660.1, 5, 12, 54, 0
T660.2, 5, 36, 81, 0
T660.3, 5, 21, 96, 0
T660.4, 5, 36, 97, 0
T661, 2, 38, 48, 2
T661.1, 2, 13, 83, 0
T661.2, 2, 22, 100, 0
T662, 2, 32, 67, 1
T662.1, 5, 27, 78, 0
T663, 1, 28, 93, 2
T663.1, 2, 17, 93, 0
T663.2, 3, 5, 95, 0
T664, 3, 39, 13, 3
T664.1, 3, 36, 85, 0
T664.2, 5, 14, 97, 0
T664.3, 5, 27, 97, 0
T665, 2, 46, 4, 3
T665.1, 5, 3, 68, 0
T665.2, 5, 19, 83, 0
T665.3, 5, 28, 99, 0
T666, 3, 40, 80, 2
T666.1, 5, 22, 90, 0
T666.2, 5, 12, 94, 0
T667, 5, 33, 19, 3
T667.1, 5, 6, 73, 0
T667.2, 5, 37, 83, 0
T667.3, 5, 21, 95, 0
T668, 4, 22, 31, 2
T668.1, 4, 20, 64, 0
T668.2, 4, 44, 65, 0
T669, 2, 25, 96, 3
T669.1, 2, 15, 96, 0
T669.2, 5, 7, 99, 0
T669.3, 5, 22, 100, 0
T670, 5, 35, 36, 0
T671, 5, 5, 42, 4
T671.1, 5, 13, 62, 0
T671.2, 5, 22, 99, 0
T671.3, 5, 23, 100, 0
T671.4, 5, 41, 100, 0
T672, 3, 7, 2, 2
T672.1, 3, 45, 2, 0
T672.2, 5, 12, 86, 0
T673, 4, 17, 71, 2
T673.1, 4, 12, 73, 0
T673.2, 4, 24, 74, 0
T674, 3, 17, 96, 1
T674.1, 4, 24, 96, 0
T675, 2, 17, 0, 0
T676, 2, 48, 88, 0
T677, 2, 37, 7, 3
T677.1, 5, 9, 14, 0
T677.2, 5, 40, 85, 0
T677.3, 5, 24, 86, 0
T678, 5, 41, 19, 3
T678.1, 5, 3, 24, 0
T678.2, 5, 7, 64, 0
T678.3, 5, 28, 83, 0
T679, 1, 28, 73, 4
T679.1, 4, 4, 84, 0
T679.2, 4, 1, 89, 0
T679.3, 4, 30, 98, 0
T679.4, 4, 31, 100, 0
T680, 3, 13, 7, 2
T680.1, 4, 35, 65, 0
T680.2, 5, 34, 79, 0
T681, 5, 40, 38, 2
T681.1, 5, 16, 69, 0
T681.2, 5, 30, 86, 0
T682, 3, 1, 15, 1
T682.1, 3, 24, 48, 0
T683, 2, 1, 1, 1
T683.1, 5, 40, 13, 0
T684, 3, 7, 8, 3
T684.1, 3, 21, 40, 0
T684.2, 5, 34, 92, 0
T684.3, 5, 27, 94, 0
T685, 2, 18, 20, 2
T685.1, 5, 36, 34, 0
T685.2, 5, 8, 100, 0
T686, 1, 24, 33, 0
T687, 4, 33, 82, 2
T687.1, 5, 4, 97, 0
T687.2, 5, 9, 99, 0
T688, 3, 3, 8, 1
T688.1, 5, 9, 57, 0
T689, 3, 14, 80, 2
T689.1, 4, 14, 84, 0
T689.2, 4, 37, 89, 0
T690, 4, 12, 85, 1
T690.1, 4, 44, 98, 0
T691, 5, 6, 54, 1
T691.1, 5, 17, 64, 0
T692, 4, 21, 36, 0
T693, 3, 13, 17, 4
T693.1, 4, 14, 80, 0
T693.2, 4, 6, 94, 0
T693.3, 4, 23, 99, 0
T693.4, 5, 41, 99, 0
T694, 5, 50, 95, 3
T694.1, 5, 12, 99, 0
T694.2, 5, 33, 99, 0
T694.3, 5, 35, 100, 0
T695, 4, 43, 27, 0
T696, 4, 4, 99, 3
T696.1, 5, 24, 100, 0
T696.2, 5, 15, 100, 0
T696.3, 5, 5, 100, 0
T697, 3, 6, 34, 1
T697.1, 4, 21, 66, 0
T698, 3, 43, 16, 4
T698.1, 5, 17, 67, 0
T698.2, 5, 5, 98, 0
T698.3, 5, 21, 98, 0
T698.4, 5, 44, 100, 0
T699, 5, 4, 71, 1
T699.1, 5, 2, 94, 0
T700, 2, 44, 37, 3
T700.1, 4, 50, 61, 0
T700.2, 5, 8, 61, 0
T700.3, 5, 46, 74, 0
T701, 1, 24, 73, 1
T701.1, 5, 25, 82, 0
T702, 4, 22, 37, 0
T703, 2, 47, 88, 2
T703.1, 4, 18, 98, 0
T703.2, 4, 1, 98, 0
T704, 3, 15, 7, 3
T704.1, 4, 40, 69, 0
T704.2, 4, 32, 95, 0
T704.3, 5, 49, 98, 0
T705, 2, 2, 90, 4
T705.1, 2, 30, 98, 0
T705.2, 5, 22, 100, 0
T705.3, 5, 50, 100, 0
T705.4, 5, 47, 100, 0
T706, 5, 49, 84, 3
T706.1, 5, 19, 84, 0
T706.2, 5, 48, 87, 0
T706.3, 5, 38, 96, 0
T707, 5, 46, 0, 3
T707.1, 5, 13, 44, 0
T707.2, 5, 41, 99, 0
T707.3, 5, 34, 100, 0
T708, 4, 49, 5, 4
T708.1, 4, 13, 39, 0
T708.2, 4, 26, 45, 0
T708.3, 4, 49, 45, 0
T708.4, 4, 19, 76, 0
T709, 1, 34, 47, 3
T709.1, 5, 20, 87, 0
T709.2, 5, 42, 92, 0
T709.3, 5, 38, 95, 0
T710, 4, 24, 23, 4
T710.1, 5, 13, 78, 0
T710.2, 5, 16, 81, 0
T710.3, 5, 22, 86, 0
T710.4, 5, 34, 86, 0
T711, 4, 47, 25, 0
T712, 4, 35, 43, 2
T712.1, 4, 8, 55, 0
T712.2, 4, 41, 89, 0
T713, 5, 36, 41, 3
T713.1, 5, 19, 87, 0
T713.2, 5, 29, 87, 0
T713.3, 5, 35, 91, 0
T714, 4, 6, 83, 1
T714.1, 5, 27, 92, 0
T715, 3, 24, 0, 4
T715.1, 3, 3, 3, 0
T715.2, 5, 28, 43, 0
T715.3, 5, 28, 80, 0
T715.4, 5, 26, 80, 0
T716, 2, 11, 74, 3
T716.1, 2, 3, 82, 0
T716.2, 4, 4, 87, 0
T716.3, 5, 13, 98, 0
T717, 5, 38, 81, 3
T717.1, 5, 22, 88, 0
T717.2, 5, 24, 93, 0
T717.3, 5, 28, 98, 0
T718, 2, 33, 19, 1
T718.1, 3, 12, 78, 0
T719, 3, 12, 32, 4
T719.1, 4, 30, 66, 0
T719.2, 5, 40, 98, 0
T719.3, 5, 1, 98, 0
T719.4, 5, 18, 98, 0
T720, 4, 25, 14, 0
T721, 1, 3, 18, 0
T722, 5, 47, 70, 2
T722.1, 5, 30, 91, 0
T722.2, 5, 42, 97, 0
T723, 1, 49, 8, 0
T724, 4, 50, 9, 2
T724.1, 5, 21, 22, 0
T724.2, 5, 26, 79, 0
T725, 3, 42, 51, 0
T726, 3, 46, 55, 4
T726.1, 5, 14, 95, 0
T726.2, 5, 41, 97, 0
T726.3, 5, 20, 99, 0
T726.4, 5, 7, 100, 0
T727, 5, 18, 25, 2
T727.1, 5, 49, 37, 0
T727.2, 5, 42, 57, 0
T728, 3, 20, 45, 3
T728.1, 3, 17, 68, 0
T728.2, 5, 3, 75, 0
T728.3, 5, 36, 100, 0
T729, 5, 8, 26, 4
T729.1, 5, 33, 53, 0
T729.2, 5, 12, 82, 0
T729.3, 5, 42, 88, 0
T729.4, 5, 24, 88, 0
T730, 3, 23, 69, 2
T730.1, 4, 4, 78, 0
T730.2, 4, 18, 99, 0
T731, 5, 9, 26, 4
T731.1, 5, 45, 96, 0
T731.2, 5, 50, 96, 0
T731.3, 5, 39, 96, 0
T731.4, 5, 12, 96, 0
T732, 1, 11, 55, 2
T732.1, 1, 27, 96, 0
T732.2, 4, 29, 98, 0
T733, 1, 6, 63, 4
T733.1, 1, 9, 98, 0
T733.2, 3, 1, 99, 0
T733.3, 4, 9, 100, 0
T733.4, 5, 49, 100, 0
T734, 1, 23, 55, 0
T735, 3, 25, 48, 3
T735.1, 4, 2, 86, 0
T735.2, 4, 34, 86, 0
T735.3, 4, 49, 86, 0
T736, 1, 36, 8, 1
T736.1, 3, 35, 26, 0
T737, 2, 16, 28, 0
T738, 2, 20, 78, 4
T738.1, 3, 9, 96, 0
T738.2, 4, 4, 97, 0
T738.3, 5, 16, 99, 0
T738.4, 5, 24, 100, 0
T739, 1, 25, 69, 0
T740, 2, 31, 100, 3
T740.1, 4, 15, 100, 0
T740.2, 4, 42, 100, 0
T740.3, 5, 20, 100, 0
T741, 4, 41, 22, 0
T742, 4, 49, 40, 0
T743, 3, 23, 2, 4
T743.1, 4, 8, 80, 0
T743.2, 4, 30, 80, 0
T743.3, 5, 37, 80, 0
T743.4, 5, 20, 92, 0
T744, 2, 17, 27, 3
T744.1, 4, 40, 43, 0
T744.2, 5, 42, 61, 0
T744.3, 5, 13, 67, 0
T745, 4, 8, 25, 3
T745.1, 5, 6, 99, 0
T745.2, 5, 7, 100, 0
T745.3, 5, 30, 100, 0
T746, 2, 20, 16, 3
T746.1, 2, 4, 22, 0
T746.2, 4, 8, 76, 0
T746.3, 4, 50, 87, 0
T747, 5, 14, 89, 0
T748, 4, 40, 5, 3
T748.1, 4, 18, 23, 0
T748.2, 4, 20, 84, 0
T748.3, 5, 15, 85, 0
T749, 5, 18, 99, 4
T749.1, 5, 34, 99, 0
T749.2, 5, 28, 100, 0
T749.3, 5, 14, 100, 0
T749.4, 5, 32, 100, 0
T750, 1, 36, 54, 1
T750.1, 4, 33, 98, 0
T751, 2, 17, 96, 3
T751.1, 3, 21, 98, 0
T751.2, 4, 10, 99, 0
T751.3, 4, 21, 100, 0
T752, 4, 1, 66, 1
T752.1, 4, 14, 93, 0
T753, 1, 27, 59, 1
T753.1, 5, 41, 67, 0
T754, 5, 46, 22, 0
T755, 4, 34, 69, 2
T755.1, 4, 28, 69, 0
T755.2, 5, 14, 90, 0
T756, 1, 6, 66, 2
T756.1, 2, 12, 92, 0
T756.2, 2, 9, 100, 0
T757, 2, 30, 84, 3
T757.1, 3, 36, 92, 0
T757.2, 4, 22, 99, 0
T757.3, 5, 4, 100, 0
T758, 1, 34, 24, 0
T759, 3, 44, 29, 2
T759.1, 3, 7, 44, 0
T759.2, 5, 19, 67, 0
T760, 3, 40, 42, 1
T760.1, 3, 14, 45, 0
T761, 5, 40, 9, 3
T761.1, 5, 13, 39, 0
T761.2, 5, 34, 74, 0
T761.3, 5, 45, 94, 0
T762, 1, 7, 34, 3
T762.1, 4, 25, 49, 0
T762.2, 4, 17, 63, 0
T762.3, 4, 7, 96, 0
T763, 2, 34, 3, 3
T763.1, 2, 7, 77, 0
T763.2, 2, 29, 88, 0
T763.3, 3, 9, 94, 0
T764, 1, 26, 99, 3
T764.1, 5, 47, 99, 0
T764.2, 5, 32, 100, 0
T764.3, 5, 38, 100, 0
T765, 1, 8, 0, 4
T765.1, 2, 43, 94, 0
T765.2, 3, 21, 98, 0
T765.3, 3, 40, 100, 0
T765.4, 5, 5, 100, 0
T766, 3, 2, 99, 4
T766.1, 5, 13, 100, 0
T766.2, 5, 39, 100, 0
T766.3, 5, 41, 100, 0
T766.4, 5, 24, 100, 0
T767, 2, 36, 4, 0
T768, 2, 43, 46, 1
T768.1, 2, 2, 54, 0
T769, 4, 38, 47, 3
T769.1, 5, 14, 73, 0
T769.2, 5, 39, 95, 0
T769.3, 5, 40, 98, 0
T770, 1, 31, 46, 0
T771, 5, 5, 44, 4
T771.1, 5, 46, 79, 0
T771.2, 5, 32, 98, 0
T771.3, 5, 24, 99, 0
T771.4, 5, 24, 99, 0
T772, 3, 37, 57, 2
T772.1, 5, 38, 94, 0
T772.2, 5, 11, 96, 0
T773, 2, 12, 90, 1
T773.1, 4, 38, 91, 0
T774, 2, 31, 83, 2
T774.1, 5, 15, 84, 0
T774.2, 5, 4, 95, 0
T775, 4, 2, 22, 1
T775.1, 5, 33, 98, 0
T776, 4, 45, 59, 3
T776.1, 5, 29, 84, 0
T776.2, 5, 4, 85, 0
T776.3, 5, 24, 89, 0
T777, 3, 46, 45, 3
T777.1, 3, 14, 54, 0
T777.2, 5, 13, 68, 0
T777.3, 5, 33, 94, 0
T778, 4, 3, 49, 3
T778.1, 4, 7, 78, 0
T778.2, 4, 49, 89, 0
T778.3, 4, 33, 94, 0
T779, 4, 4, 21, 4
T779.1, 5, 41, 56, 0
T779.2, 5, 25, 77, 0
T779.3, 5, 2, 88, 0
T779.4, 5, 43, 93, 0
T780, 4, 47, 50, 1
T780.1, 4, 30, 83, 0
T781, 3, 21, 7, 2
T781.1, 4, 35, 94, 0
T781.2, 5, 43, 96, 0
T782, 3, 28, 70, 4
T782.1, 3, 45, 86, 0
T782.2, 3, 50, 95, 0
T782.3, 3, 24, 100, 0
T782.4, 3, 26, 100, 0
T783, 2, 42, 8, 4
T783.1, 3, 10, 84, 0
T783.2, 4, 18, 94, 0
T783.3, 5, 27, 99, 0
T783.4, 5, 28, 100, 0
T784, 3, 4, 10, 0
T785, 1, 44, 43, 1
T785.1, 5, 38, 95, 0
T786, 2, 29, 66, 3
T786.1, 4, 22, 95, 0
T786.2, 5, 29, 98, 0
T786.3, 5, 17, 99, 0
T787, 4, 25, 7, 4
T787.1, 5, 10, 56, 0
T787.2, 5, 26, 81, 0
T787.3, 5, 47, 87, 0
T787.4, 5, 15, 95, 0
T788, 1, 25, 19, 1
T788.1, 1, 26, 58, 0
T789, 3, 16, 1, 0
T790, 2, 2, 85, 1
T790.1, 4, 39, 87, 0
T791, 5, 13, 88, 1
T791.1, 5, 25, 92, 0
T792, 2, 5, 23, 4
T792.1, 4, 1, 58, 0
T792.2, 4, 30, 69, 0
T792.3, 4, 48, 85, 0
T792.4, 5, 37, 95, 0
T793, 4, 15, 82, 4
T793.1, 5, 1, 97, 0
T793.2, 5, 27, 97, 0
T793.3, 5, 37, 99, 0
T793.4, 5, 13, 100, 0
T794, 1, 49, 73, 3
T794.1, 5, 48, 96, 0
T794.2, 5, 35, 100, 0
T794.3, 5, 39, 100, 0
T795, 1, 18, 98, 0
T796, 4, 45, 42, 1
T796.1, 4, 42, 84, 0
T797, 5, 1, 30, 3
T797.1, 5, 9, 100, 0
T797.2, 5, 34, 100, 0
T797.3, 5, 11, 100, 0
T798, 2, 33, 14, 1
T798.1, 5, 37, 83, 0
T799, 4, 14, 16, 1
T799.1, 5, 31, 38, 0
T800, 5, 14, 68, 1
T800.1, 5, 17, 88, 0
T801, 2, 7, 35, 3
T801.1, 4, 39, 74, 0
T801.2, 5, 37, 81, 0
T801.3, 5, 16, 83, 0
T802, 5, 31, 47, 4
T802.1, 5, 2, 60, 0
T802.2, 5, 5, 100, 0
T802.3, 5, 37, 100, 0
T802.4, 5, 31, 100, 0
T803, 3, 11, 39, 1
T803.1, 4, 41, 45, 0
T804, 2, 25, 43, 2
T804.1, 2, 38, 52, 0
T804.2, 4, 30, 58, 0
T805, 4, 36, 24, 3
T805.1, 5, 15, 90, 0
T805.2, 5, 2, 98, 0
T805.3, 5, 28, 98, 0
T806, 1, 3, 66, 1
T806.1, 1, 45, 69, 0
T807, 1, 8, 13, 4
T807.1, 4, 48, 52, 0
T807.2, 4, 24, 62, 0
T807.3, 4, 16, 66, 0
T807.4, 5, 26, 78, 0
T808, 3, 39, 23, 1
T808.1, 5, 3, 68, 0
T809, 1, 27, 97, 1
T809.1, 5, 11, 97, 0
T810, 3, 10, 31, 2
T810.1, 5, 24, 59, 0
T810.2, 5, 7, 90, 0
T811, 2, 49, 76, 4
T811.1, 4, 44, 96, 0
T811.2, 5, 14, 99, 0
T811.3, 5, 39, 100, 0
T811.4, 5, 16, 100, 0
T812, 4, 10, 8, 1
T812.1, 4, 2, 16, 0
T813, 3, 19, 74, 1
T813.1, 4, 31, 100, 0
T814, 4, 46, 86, 3
T814.1, 5, 30, 97, 0
T814.2, 5, 44, 97, 0
T814.3, 5, 2, 99, 0
T815, 3, 12, 16, 3
T815.1, 4, 10, 75, 0
T815.2, 5, 44, 100, 0
T815.3, 5, 42, 100, 0
T816, 3, 45, 90, 3
T816.1, 4, 29, 94, 0
T816.2, 5, 34, 99, 0
T816.3, 5, 40, 100, 0
T817, 2, 29, 25, 0
T818, 3, 18, 18, 3
T818.1, 3, 46, 37, 0
T818.2, 3, 13, 47, 0
T818.3, 3, 19, 90, 0
T819, 3, 2, 44, 4
T819.1, 3, 14, 54, 0
T819.2, 3, 38, 99, 0
T819.3, 3, 23, 99, 0
T819.4, 5, 38, 99, 0
T820, 4, 23, 71, 3
T820.1, 4, 3, 97, 0
T820.2, 5, 50, 100, 0
T820.3, 5, 36, 100, 0
T821, 3, 1, 14, 2
T821.1, 5, 4, 22, 0
T821.2, 5, 35, 85, 0
T822, 2, 12, 51, 1
T822.1, 3, 39, 68, 0
T823, 3, 26, 51, 4
T823.1, 4, 46, 55, 0
T823.2, 5, 27, 92, 0
T823.3, 5, 10, 95, 0
T823.4, 5, 7, 98, 0
T824, 5, 8, 20, 4
T824.1, 5, 44, 63, 0
T824.2, 5, 29, 94, 0
T824.3, 5, 21, 96, 0
T824.4, 5, 2, 100, 0
T825, 2, 19, 8, 1
T825.1, 5, 29, 52, 0
T826, 2, 50, 0, 1
T826.1, 4, 28, 67, 0
T827, 1, 37, 87, 2
T827.1, 2, 36, 89, 0
T827.2, 3, 1, 96, 0
T828, 3, 19, 53, 0
T829, 4, 29, 72, 1
T829.1, 5, 18, 77, 0
T830, 5, 6, 0, 2
T830.1, 5, 44, 33, 0
T830.2, 5, 28, 43, 0
T831, 5, 21, 93, 0
T832, 1, 32, 99, 4
T832.1, 4, 3, 99, 0
T832.2, 4, 46, 99, 0
T832.3, 4, 30, 100, 0
T832.4, 4, 34, 100, 0
T833, 2, 21, 4, 3
T833.1, 3, 45, 77, 0
T833.2, 5, 20, 92, 0
T833.3, 5, 2, 99, 0
T834, 4, 3, 68, 4
T834.1, 5, 38, 98, 0
T834.2, 5, 30, 100, 0
T834.3, 5, 8, 100, 0
T834.4, 5, 39, 100, 0
T835, 2, 10, 1, 4
T835.1, 3, 6, 35, 0
T835.2, 3, 20, 91, 0
T835.3, 5, 30, 91, 0
T835.4, 5, 19, 91, 0
T836, 4, 31, 78, 1
T836.1, 4, 15, 90, 0
T837, 5, 5, 75, 4
T837.1, 5, 6, 97, 0
T837.2, 5, 39, 98, 0
T837.3, 5, 7, 100, 0
T837.4, 5, 29, 100, 0
T838, 4, 18, 19, 1
T838.1, 4, 50, 59, 0
T839, 1, 43, 1, 4
T839.1, 4, 43, 22, 0
T839.2, 5, 1, 36, 0
T839.3, 5, 26, 90, 0
T839.4, 5, 36, 92, 0
T840, 4, 50, 50, 3
T840.1, 5, 4, 55, 0
T840.2, 5, 16, 67, 0
T840.3, 5, 13, 78, 0
T841, 4, 34, 9, 4
T841.1, 5, 17, 56, 0
T841.2, 5, 16, 59, 0
T841.3, 5, 49, 88, 0
T841.4, 5, 17, 94, 0
T842, 2, 21, 2, 3
T842.1, 3, 28, 59, 0
T842.2, 4, 33, 60, 0
T842.3, 5, 48, 66, 0
T843, 3, 16, 18, 0
T844, 2, 39, 92, 3
T844.1, 5, 49, 99, 0
T844.2, 5, 26, 99, 0
T844.3, 5, 16, 100, 0
T845, 3, 13, 66, 3
T845.1, 3, 30, 84, 0
T845.2, 4, 21, 95, 0
T845.3, 5, 18, 96, 0
T846, 5, 33, 95, 0
T847, 5, 36, 27, 0
T848, 5, 49, 56, 3
T848.1, 5, 7, 94, 0
T848.2, 5, 22, 100, 0
T848.3, 5, 11, 100, 0
T849, 3, 18, 9, 3
T849.1, 5, 42, 33, 0
T849.2, 5, 1, 70, 0
T849.3, 5, 28, 92, 0
T850, 5, 1, 6, 3
T850.1, 5, 47, 27, 0
T850.2, 5, 3, 93, 0
T850.3, 5, 40, 96, 0
T851, 1, 38, 32, 3
T851.1, 2, 40, 98, 0
T851.2, 5, 15, 99, 0
T851.3, 5, 13, 99, 0
T852, 2, 26, 62, 2
T852.1, 2, 11, 67, 0
T852.2, 4, 39, 96, 0
T853, 4, 43, 82, 4
T853.1, 4, 26, 82, 0
T853.2, 4, 32, 99, 0
T853.3, 4, 13, 100, 0
T853.4, 4, 18, 100, 0
T854, 3, 11, 64, 0
T855, 3, 10, 38, 2
T855.1, 4, 45, 77, 0
T855.2, 4, 35, 79, 0
T856, 1, 1, 77, 2
T856.1, 2, 13, 79, 0
T856.2, 3, 27, 85, 0
T857, 4, 45, 78, 3
T857.1, 5, 11, 94, 0
T857.2, 5, 24, 96, 0
T857.3, 5, 5, 97, 0
T858, 5, 17, 70, 1
T858.1, 5, 23, 87, 0
T859, 4, 7, 55, 4
T859.1, 4, 31, 94, 0
T859.2, 5, 29, 99, 0
T859.3, 5, 14, 99, 0
T859.4, 5, 39, 100, 0
T860, 2, 26, 78, 2
T860.1, 4, 50, 86, 0
T860.2, 5, 29, 95, 0
T861, 1, 40, 13, 4
T861.1, 3, 40, 94, 0
T861.2, 4, 20, 100, 0
T861.3, 4, 35, 100, 0
T861.4, 5, 44, 100, 0
T862, 3, 6, 89, 3
T862.1, 3, 44, 90, 0
T862.2, 3, 28, 96, 0
T862.3, 4, 30, 98, 0
T863, 3, 2, 46, 2
T863.1, 5, 4, 77, 0
T863.2, 5, 1, 99, 0
T864, 4, 18, 38, 4
T864.1, 4, 30, 70, 0
T864.2, 5, 7, 71, 0
T864.3, 5, 30, 98, 0
T864.4, 5, 18, 99, 0
T865, 5, 16, 98, 4
T865.1, 5, 1, 98, 0
T865.2, 5, 43, 98, 0
T865.3, 5, 46, 100, 0
T865.4, 5, 17, 100, 0
T866, 4, 47, 19, 1
T866.1, 5, 29, 59, 0
T867, 3, 39, 78, 2
T867.1, 5, 20, 97, 0
T867.2, 5, 10, 98, 0
T868, 3, 31, 87, 4
T868.1, 5, 40, 94, 0
T868.2, 5, 26, 97, 0
T868.3, 5, 3, 98, 0
T868.4, 5, 28, 100, 0
T869, 2, 30, 69, 2
T869.1, 2, 45, 88, 0
T869.2, 4, 2, 96, 0
T870, 3, 46, 26, 3
T870.1, 4, 45, 84, 0
T870.2, 4, 37, 96, 0
T870.3, 5, 8, 98, 0
T871, 2, 16, 86, 1
T871.1, 3, 16, 90, 0
T872, 1, 29, 3, 4
T872.1, 5, 44, 49, 0
T872.2, 5, 17, 57, 0
T872.3, 5, 46, 77, 0
T872.4, 5, 32, 90, 0
T873, 2, 9, 44, 1
T873.1, 3, 39, 52, 0
T874, 2, 31, 19, 1
T874.1, 3, 11, 19, 0
T875, 1, 6, 100, 4
T875.1, 1, 38, 100, 0
T875.2, 4, 37, 100, 0
T875.3, 5, 35, 100, 0
T875.4, 5, 5, 100, 0
T876, 2, 13, 33, 1
T876.1, 2, 12, 56, 0
T877, 4, 42, 39, 2
T877.1, 5, 32, 39, 0
T877.2, 5, 8, 99, 0
T878, 2, 17, 58, 2
T878.1, 5, 46, 81, 0
T878.2, 5, 20, 85, 0
T879, 5, 44, 98, 3
T879.1, 5, 50, 98, 0
T879.2, 5, 3, 100, 0
T879.3, 5, 12, 100, 0
T880, 4, 50, 25, 3
T880.1, 4, 32, 53, 0
T880.2, 4, 7, 93, 0
T880.3, 5, 39, 97, 0
T881, 5, 30, 100, 0
T882, 2, 24, 92, 0
T883, 3, 24, 59, 1
T883.1, 4, 14, 71, 0
T884, 4, 19, 100, 3
T884.1, 5, 2, 100, 0
T884.2, 5, 44, 100, 0
T884.3, 5, 17, 100, 0
T885, 3, 22, 24, 3
T885.1, 3, 25, 70, 0
T885.2, 4, 42, 75, 0
T885.3, 5, 3, 78, 0
T886, 5, 4, 56, 4
T886.1, 5, 35, 62, 0
T886.2, 5, 23, 63, 0
T886.3, 5, 11, 88, 0
T886.4, 5, 44, 97, 0
T887, 4, 5, 59, 4
T887.1, 4, 22, 96, 0
T887.2, 5, 40, 97, 0
T887.3, 5, 14, 98, 0
T887.4, 5, 8, 98, 0
T888, 4, 6, 95, 1
T888.1, 4, 38, 97, 0
T889, 3, 18, 93, 4
T889.1, 5, 34, 96, 0
T889.2, 5, 5, 98, 0
T889.3, 5, 34, 100, 0
T889.4, 5, 37, 100, 0
T890, 4, 29, 12, 3
T890.1, 4, 4, 65, 0
T890.2, 4, 20, 67, 0
T890.3, 4, 32, 88, 0
T891, 4, 34, 67, 3
T891.1, 4, 45, 86, 0
T891.2, 5, 24, 91, 0
T891.3, 5, 8, 97, 0
T892, 3, 40, 74, 0
T893, 1, 44, 15, 0
T894, 3, 38, 10, 2
T894.1, 4, 4, 96, 0
T894.2, 5, 22, 100, 0
T895, 1, 14, 43, 3
T895.1, 4, 4, 62, 0
T895.2, 4, 32, 91, 0
T895.3, 5, 26, 98, 0
T896, 5, 27, 64, 0
T897, 1, 34, 84, 2
T897.1, 1, 2, 97, 0
T897.2, 2, 5, 97, 0
T898, 5, 28, 49, 3
T898.1, 5, 1, 97, 0
T898.2, 5, 39, 100, 0
T898.3, 5, 7, 100, 0
T899, 3, 46, 34, 3
T899.1, 3, 25, 72, 0
T899.2, 5, 47, 87, 0
T899.3, 5, 22, 88, 0
T900, 2, 8, 20, 2
T900.1, 3, 35, 59, 0
T900.2, 5, 8, 72, 0
T901, 1, 35, 4, 4
T901.1, 1, 10, 7, 0
T901.2, 1, 10, 10, 0
T901.3, 1, 48, 93, 0
T901.4, 5, 48, 98, 0
T902, 4, 37, 84, 1
T902.1, 5, 47, 97, 0
T903, 4, 29, 83, 1
T903.1, 4, 48, 97, 0
T904, 2, 24, 89, 2
T904.1, 5, 14, 93, 0
T904.2, 5, 42, 98, 0
T905, 3, 32, 21, 3
T905.1, 4, 10, 71, 0
T905.2, 5, 40, 93, 0
T905.3, 5, 10, 100, 0
T906, 2, 20, 3, 4
T906.1, 3, 48, 18, 0
T906.2, 5, 10, 53, 0
T906.3, 5, 27, 75, 0
T906.4, 5, 32, 99, 0
T907, 3, 10, 3, 0
T908, 3, 34, 97, 3
T908.1, 3, 48, 100, 0
T908.2, 4, 28, 100, 0
T908.3, 5, 7, 100, 0
T909, 5, 42, 87, 3
T909.1, 5, 39, 92, 0
T909.2, 5, 43, 92, 0
T909.3, 5, 47, 100, 0
T910, 3, 26, 93, 4
T910.1, 3, 44, 100, 0
T910.2, 3, 10, 100, 0
T910.3, 5, 4, 100, 0
T910.4, 5, 24, 100, 0
T911, 1, 15, 36, 1
T911.1, 1, 19, 73, 0
T912, 4, 47, 61, 1
T912.1, 5, 33, 66, 0
T913, 1, 22, 41, 3
T913.1, 5, 45, 54, 0
T913.2, 5, 41, 72, 0
T913.3, 5, 39, 98, 0
T914, 3, 47, 31, 0
T915, 2, 47, 89, 3
T915.1, 5, 19, 92, 0
T915.2, 5, 48, 98, 0
T915.3, 5, 5, 98, 0
T916, 1, 4, 27, 1
T916.1, 5, 37, 91, 0
T917, 5, 25, 56, 2
T917.1, 5, 50, 77, 0
T917.2, 5, 32, 100, 0
T918, 2, 45, 77, 0
T919, 1, 40, 39, 3
T919.1, 3, 15, 58, 0
T919.2, 3, 19, 78, 0
T919.3, 4, 16, 99, 0
T920, 2, 44, 24, 3
T920.1, 2, 27, 47, 0
T920.2, 3, 21, 56, 0
T920.3, 5, 25, 72, 0
T921, 2, 25, 76, 0
T922, 1, 28, 54, 0
T923, 4, 42, 7, 0
T924, 2, 36, 28, 2
T924.1, 2, 17, 97, 0
T924.2, 5, 5, 99, 0
T925, 4, 16, 44, 0
T926, 3, 14, 46, 3
T926.1, 4, 5, 69, 0
T926.2, 4, 37, 86, 0
T926.3, 5, 9, 97, 0
T927, 5, 30, 21, 1
T927.1, 5, 1, 45, 0
T928, 2, 30, 11, 3
T928.1, 2, 12, 43, 0
T928.2, 4, 39, 47, 0
T928.3, 4, 28, 85, 0
T929, 3, 48, 18, 1
T929.1, 4, 21, 96, 0
T930, 3, 15, 60, 4
T930.1, 3, 26, 77, 0
T930.2, 5, 41, 83, 0
T930.3, 5, 6, 98, 0
T930.4, 5, 3, 100, 0
T931, 2, 13, 15, 1
T931.1, 2, 36, 99, 0
T932, 2, 2, 17, 3
T932.1, 5, 50, 76, 0
T932.2, 5, 26, 86, 0
T932.3, 5, 47, 99, 0
T933, 5, 21, 51, 1
T933.1, 5, 34, 55, 0
T934, 2, 28, 83, 0
T935, 2, 4, 21, 2
T935.1, 3, 22, 66, 0
T935.2, 4, 10, 70, 0
T936, 5, 12, 56, 2
T936.1, 5, 7, 90, 0
T936.2, 5, 31, 90, 0
T937, 5, 37, 71, 2
T937.1, 5, 29, 97, 0
T937.2, 5, 30, 100, 0
T938, 2, 12, 50, 1
T938.1, 3, 4, 64, 0
T939, 3, 42, 91, 4
T939.1, 3, 50, 99, 0
T939.2, 3, 49, 100, 0
T939.3, 5, 16, 100, 0
T939.4, 5, 34, 100, 0
T940, 5, 6, 46, 1
T940.1, 5, 42, 49, 0
T941, 1, 4, 56, 2
T941.1, 2, 25, 60, 0
T941.2, 3, 49, 91, 0
T942, 2, 2, 79, 0
T943, 3, 7, 47, 3
T943.1, 4, 6, 60, 0
T943.2, 4, 27, 92, 0
T943.3, 5, 23, 96, 0
T944, 1, 33, 90, 3
T944.1, 3, 36, 98, 0
T944.2, 4, 38, 99, 0
T944.3, 4, 29, 99, 0
T945, 3, 9, 48, 3
T945.1, 5, 47, 48, 0
T945.2, 5, 27, 54, 0
T945.3, 5, 31, 78, 0
T946, 5, 5, 81, 0
T947, 3, 18, 87, 1
T947.1, 3, 33, 99, 0
T948, 5, 31, 62, 4
T948.1, 5, 38, 65, 0
T948.2, 5, 40, 84, 0
T948.3, 5, 1, 88, 0
T948.4, 5, 34, 97, 0
T949, 4, 40, 42, 0
T950, 2, 29, 96, 4
T950.1, 3, 50, 100, 0
T950.2, 3, 1, 100, 0
T950.3, 4, 18, 100, 0
T950.4, 4, 13, 100, 0
T951, 2, 33, 38, 0
T952, 5, 46, 66, 1
T952.1, 5, 34, 82, 0
T953, 3, 6, 57, 0
T954, 2, 27, 11, 0
T955, 5, 49, 89, 3
T955.1, 5, 37, 93, 0
T955.2, 5, 34, 97, 0
T955.3, 5, 45, 98, 0
T956, 4, 6, 36, 4
T956.1, 5, 4, 48, 0
T956.2, 5, 9, 80, 0
T956.3, 5, 43, 95, 0
T956.4, 5, 20, 100, 0
T957, 2, 37, 26, 4
T957.1, 5, 22, 69, 0
T957.2, 5, 50, 100, 0
T957.3, 5, 5, 100, 0
T957.4, 5, 39, 100, 0
T958, 2, 10, 85, 2
T958.1, 2, 19, 91, 0
T958.2, 3, 41, 94, 0
T959, 5, 15, 37, 2
T959.1, 5, 28, 90, 0
T959.2, 5, 8, 91, 0
T960, 1, 49, 94, 3
T960.1, 2, 47, 98, 0
T960.2, 4, 27, 100, 0
T960.3, 5, 23, 100, 0
T961, 2, 37, 11, 2
T961.1, 2, 33, 75, 0
T961.2, 3, 30, 81, 0
T962, 5, 37, 92, 1
T962.1, 5, 5, 93, 0
T963, 4, 40, 9, 2
T963.1, 5, 7, 63, 0
T963.2, 5, 17, 91, 0
T964, 2, 39, 71, 0
T965, 2, 11, 94, 1
T965.1, 3, 22, 99, 0
T966, 4, 27, 26, 2
T966.1, 4, 21, 93, 0
T966.2, 5, 50, 93, 0
T967, 3, 3, 55, 0
T968, 3, 22, 57, 3
T968.1, 4, 36, 70, 0
T968.2, 4, 2, 73, 0
T968.3, 4, 29, 97, 0
T969, 4, 50, 51, 2
T969.1, 5, 46, 74, 0
T969.2, 5, 49, 95, 0
T970, 3, 22, 2, 2
T970.1, 3, 24, 84, 0
T970.2, 3, 24, 96, 0
T971, 4, 5, 72, 1
T971.1, 4, 11, 75, 0
T972, 5, 11, 29, 2
T972.1, 5, 47, 31, 0
T972.2, 5, 42, 60, 0
T973, 5, 12, 30, 3
T973.1, 5, 45, 47, 0
T973.2, 5, 50, 91, 0
T973.3, 5, 40, 92, 0
T974, 1, 41, 60, 3
T974.1, 2, 15, 85, 0
T974.2, 4, 35, 98, 0
T974.3, 4, 5, 98, 0
T975, 4, 50, 82, 3
T975.1, 5, 16, 90, 0
T975.2, 5, 9, 93, 0
T975.3, 5, 41, 93, 0
T976, 4, 44, 57, 2
T976.1, 4, 9, 99, 0
T976.2, 4, 49, 99, 0
T977, 1, 44, 33, 4
T977.1, 4, 45, 71, 0
T977.2, 4, 42, 72, 0
T977.3, 4, 32, 82, 0
T977.4, 5, 40, 98, 0
T978, 4, 48, 8, 2
T978.1, 5, 30, 42, 0
T978.2, 5, 22, 64, 0
T979, 2, 50, 82, 3
T979.1, 3, 45, 87, 0
T979.2, 3, 22, 90, 0
T979.3, 5, 30, 95, 0
T980, 1, 17, 8, 0
T981, 2, 47, 6, 0
T982, 1, 9, 20, 3
T982.1, 5, 40, 84, 0
T982.2, 5, 41, 93, 0
T982.3, 5, 25, 100, 0
T983, 3, 25, 7, 2
T983.1, 3, 23, 62, 0
T983.2, 4, 11, 76, 0
T984, 5, 6, 4, 2
T984.1, 5, 46, 47, 0
T984.2, 5, 11, 77, 0
T985, 4, 25, 41, 0
T986, 1, 6, 64, 3
T986.1, 5, 41, 74, 0
T986.2, 5, 42, 93, 0
T986.3, 5, 17, 93, 0
T987, 4, 31, 62, 0
T988, 1, 47, 38, 0
T989, 5, 19, 45, 2
T989.1, 5, 23, 79, 0
T989.2, 5, 21, 92, 0
T990, 4, 42, 46, 1
T990.1, 5, 25, 77, 0
T991, 1, 1, 49, 2
T991.1, 2, 20, 84, 0
T991.2, 5, 21, 85, 0
T992, 3, 28, 51, 3
T992.1, 4, 16, 57, 0
T992.2, 5, 46, 93, 0
T992.3, 5, 38, 99, 0
T993, 1, 34, 11, 1
T993.1, 3, 44, 20, 0
T994, 3, 11, 63, 0
T995, 1, 10, 54, 0
T996, 4, 36, 81, 0
T997, 3, 11, 49, 3
T997.1, 3, 28, 82, 0
T997.2, 5, 48, 84, 0
T997.3, 5, 14, 92, 0
T998, 3, 10, 53, 1
T998.1, 3, 14, 83, 0
T999, 2, 16, 81, 1
T999.1, 4, 15, 88, 0
T1000, 4, 25, 88, 1
T1000.1, 4, 26, 91, 0
T1001, 4, 15, 37, 4
T1001.1, 5, 46, 58, 0
T1001.2, 5, 32, 75, 0
T1001.3, 5, 42, 96, 0
T1001.4, 5, 20, 99, 0
T1002, 4, 19, 68, 3
T1002.1, 4, 36, 76, 0
T1002.2, 4, 29, 86, 0
T1002.3, 5, 5, 86, 0
T1003, 3, 8, 87, 2
T1003.1, 3, 14, 88, 0
T1003.2, 4, 31, 97, 0
T1004, 1, 27, 32, 2
T1004.1, 2, 40, 62, 0
T1004.2, 4, 38, 63, 0
T1005, 2, 17, 5, 3
T1005.1, 2, 26, 44, 0
T1005.2, 3, 48, 72, 0
T1005.3, 3, 46, 82, 0
T1006, 2, 24, 83, 4
T1006.1, 3, 28, 86, 0
T1006.2, 4, 35, 97, 0
T1006.3, 5, 40, 97, 0
T1006.4, 5, 20, 98, 0
T1007, 4, 44, 57, 4
T1007.1, 5, 32, 62, 0
T1007.2, 5, 6, 64, 0
T1007.3, 5, 33, 85, 0
T1007.4, 5, 43, 85, 0
T1008, 4, 33, 73, 4
T1008.1, 4, 25, 86, 0
T1008.2, 4, 15, 90, 0
T1008.3, 4, 27, 90, 0
T1008.4, 5, 2, 92, 0
T1009, 3, 6, 15, 1
T1009.1, 4, 32, 71, 0
T1010, 3, 28, 73, 1
T1010.1, 4, 26, 94, 0
T1011, 4, 22, 11, 1
T1011.1, 4, 4, 54, 0
T1012, 1, 48, 51, 2
T1012.1, 1, 50, 77, 0
T1012.2, 4, 1, 80, 0
T1013, 2, 9, 13, 0
T1014, 5, 48, 19, 0
T1015, 5, 49, 71, 1
T1015.1, 5, 33, 77, 0
T1016, 4, 23, 48, 4
T1016.1, 4, 30, 50, 0
T1016.2, 5, 26, 68, 0
T1016.3, 5, 34, 80, 0
T1016.4, 5, 19, 83, 0
T1017, 3, 5, 75, 1
T1017.1, 5, 11, 83, 0
T1018, 2, 50, 49, 4
T1018.1, 2, 15, 66, 0
T1018.2, 3, 9, 67, 0
T1018.3, 4, 10, 68, 0
T1018.4, 5, 36, 74, 0
T1019, 2, 33, 78, 4
T1019.1, 3, 16, 93, 0
T1019.2, 3, 22, 97, 0
T1019.3, 3, 41, 99, 0
T1019.4, 4, 30, 100, 0
T1020, 4, 45, 7, 2
T1020.1, 5, 43, 9, 0
T1020.2, 5, 1, 37, 0
T1021, 2, 35, 80, 1
T1021.1, 5, 49, 99, 0
T1022, 4, 17, 38, 1
T1022.1, 4, 11, 60, 0
T1023, 4, 41, 22, 4
T1023.1, 4, 32, 31, 0
T1023.2, 5, 40, 71, 0
T1023.3, 5, 13, 71, 0
T1023.4, 5, 24, 83, 0
T1024, 2, 5, 54, 3
T1024.1, 2, 20, 56, 0
T1024.2, 5, 12, 80, 0
T1024.3, 5, 31, 82, 0
T1025, 1, 27, 37, 4
T1025.1, 1, 7, 71, 0
T1025.2, 2, 27, 89, 0
T1025.3, 4, 5, 98, 0
T1025.4, 4, 10, 100, 0
T1026, 3, 10, 26, 0
T1027, 1, 29, 60, 0
T1028, 3, 12, 18, 0
T1029, 2, 1, 77, 2
T1029.1, 4, 5, 85, 0
T1029.2, 4, 46, 96, 0
T1030, 3, 31, 51, 0
T1031, 2, 1, 36, 1
T1031.1, 5, 20, 69, 0
T1032, 4, 46, 51, 3
T1032.1, 5, 9, 81, 0
T1032.2, 5, 42, 87, 0
T1032.3, 5, 41, 98, 0
T1033, 2, 3, 33, 4
T1033.1, 5, 47, 38, 0
T1033.2, 5, 3, 74, 0
T1033.3, 5, 15, 99, 0
T1033.4, 5, 33, 99, 0
T1034, 1, 36, 49, 4
T1034.1, 5, 35, 51, 0
T1034.2, 5, 2, 98, 0
T1034.3, 5, 11, 98, 0
T1034.4, 5, 13, 98, 0
T1035, 5, 17, 21, 1
T1035.1, 5, 21, 89, 0
T1036, 2, 25, 53, 2
T1036.1, 5, 25, 80, 0
T1036.2, 5, 38, 92, 0
T1037, 1, 5, 29, 4
T1037.1, 3, 2, 91, 0
T1037.2, 3, 36, 92, 0
T1037.3, 5, 39, 96, 0
T1037.4, 5, 35, 96, 0
T1038, 2, 44, 31, 0
T1039, 3, 32, 51, 4
T1039.1, 5, 46, 82, 0
T1039.2, 5, 10, 86, 0
T1039.3, 5, 4, 90, 0
T1039.4, 5, 34, 95, 0
T1040, 1, 16, 22, 4
T1040.1, 3, 7, 93, 0
T1040.2, 5, 23, 98, 0
T1040.3, 5, 31, 98, 0
T1040.4, 5, 27, 100, 0
T1041, 1, 48, 42, 2
T1041.1, 3, 20, 58, 0
T1041.2, 5, 35, 65, 0
T1042, 4, 42, 75, 2
T1042.1, 4, 34, 80, 0
T1042.2, 4, 49, 92, 0
T1043, 3, 25, 95, 1
T1043.1, 4, 42, 99, 0
T1044, 5, 38, 18, 3
T1044.1, 5, 14, 41, 0
T1044.2, 5, 14, 78, 0
T1044.3, 5, 8, 78, 0
T1045, 1, 39, 93, 1
T1045.1, 1, 39, 98, 0
T1046, 1, 27, 8, 0
T1047, 4, 9, 85, 0
T1048, 3, 25, 70, 0
T1049, 5, 36, 100, 2
T1049.1, 5, 4, 100, 0
T1049.2, 5, 4, 100, 0
T1050, 5, 35, 26, 3
T1050.1, 5, 40, 92, 0
T1050.2, 5, 19, 92, 0
T1050.3, 5, 4, 100, 0
T1051, 4, 22, 69, 1
T1051.1, 4, 40, 77, 0
T1052, 5, 37, 28, 1
T1052.1, 5, 27, 46, 0
T1053, 1, 47, 94, 0
T1054, 4, 35, 99, 1
T1054.1, 5, 37, 100, 0
T1055, 1, 22, 53, 0
T1056, 2, 16, 63, 0
T1057, 1, 49, 40, 2
T1057.1, 2, 21, 92, 0
T1057.2, 4, 19, 92, 0
T1058, 1, 10, 35, 0
T1059, 1, 34, 93, 0
T1060, 1, 14, 26, 2
T1060.1, 5, 23, 73, 0
T1060.2, 5, 43, 80, 0
T1061, 5, 19, 23, 3
T1061.1, 5, 27, 77, 0
T1061.2, 5, 22, 91, 0
T1061.3, 5, 43, 99, 0
T1062, 5, 44, 10, 1
T1062.1, 5, 25, 40, 0
T1063, 2, 35, 94, 4
T1063.1, 5, 9, 97, 0
T1063.2, 5, 16, 98, 0
T1063.3, 5, 34, 99, 0
T1063.4, 5, 31, 100, 0
T1064, 4, 42, 39, 3
T1064.1, 4, 23, 88, 0
T1064.2, 4, 18, 91, 0
T1064.3, 4, 50, 97, 0
T1065, 4, 49, 11, 4
T1065.1, 4, 45, 94, 0
T1065.2, 5, 45, 97, 0
T1065.3, 5, 18, 100, 0
T1065.4, 5, 6, 100, 0
T1066, 5, 29, 5, 2
T1066.1, 5, 13, 82, 0
T1066.2, 5, 29, 87, 0
T1067, 2, 26, 29, 3
T1067.1, 4, 31, 36, 0
T1067.2, 4, 19, 54, 0
T1067.3, 5, 13, 75, 0
T1068, 3, 48, 73, 0
T1069, 2, 21, 21, 4
T1069.1, 5, 13, 83, 0
T1069.2, 5, 31, 94, 0
T1069.3, 5, 10, 100, 0
T1069.4, 5, 37, 100, 0
T1070, 2, 24, 4, 2
T1070.1, 4, 33, 28, 0
T1070.2, 4, 27, 32, 0
T1071, 1, 50, 74, 0
T1072, 4, 37, 93, 3
T1072.1, 5, 17, 96, 0
T1072.2, 5, 10, 96, 0
T1072.3, 5, 7, 98, 0
T1073, 1, 5, 79, 1
T1073.1, 4, 17, 96, 0
T1074, 1, 29, 40, 4
T1074.1, 2, 41, 75, 0
T1074.2, 5, 8, 98, 0
T1074.3, 5, 3, 100, 0
T1074.4, 5, 47, 100, 0
T1075, 3, 21, 37, 3
T1075.1, 3, 26, 80, 0
T1075.2, 4, 37, 84, 0
T1075.3, 4, 46, 86, 0
T1076, 5, 19, 95, 1
T1076.1, 5, 48, 99, 0
T1077, 5, 44, 57, 4
T1077.1, 5, 27, 64, 0
T1077.2, 5, 48, 80, 0
T1077.3, 5, 46, 95, 0
T1077.4, 5, 41, 95, 0
T1078, 2, 17, 9, 1
T1078.1, 2, 45, 9, 0
T1079, 4, 37, 44, 4
T1079.1, 5, 36, 87, 0
T1079.2, 5, 21, 95, 0
T1079.3, 5, 18, 97, 0
T1079.4, 5, 19, 100, 0
T1080, 4, 46, 58, 1
T1080.1, 5, 42, 73, 0
T1081, 2, 17, 39, 0
T1082, 4, 35, 87, 1
T1082.1, 5, 22, 96, 0
T1083, 1, 4, 99, 4
T1083.1, 2, 50, 100, 0
T1083.2, 5, 24, 100, 0
T1083.3, 5, 11, 100, 0
T1083.4, 5, 21, 100, 0
T1084, 3, 3, 58, 3
T1084.1, 3, 20, 89, 0
T1084.2, 4, 25, 91, 0
T1084.3, 4, 37, 91, 0
T1085, 2, 46, 35, 3
T1085.1, 4, 50, 79, 0
T1085.2, 4, 8, 91, 0
T1085.3, 5, 30, 99, 0
T1086, 5, 50, 38, 0
T1087, 2, 43, 12, 4
T1087.1, 3, 30, 56, 0
T1087.2, 4, 49, 98, 0
T1087.3, 4, 33, 98, 0
T1087.4, 5, 50, 99, 0
T1088, 2, 22, 17, 2
T1088.1, 2, 45, 64, 0
T1088.2, 2, 35, 70, 0
T1089, 2, 16, 7, 4
T1089.1, 4, 37, 38, 0
T1089.2, 5, 10, 67, 0
T1089.3, 5, 46, 80, 0
T1089.4, 5, 47, 99, 0
T1090, 4, 20, 95, 2
T1090.1, 4, 18, 97, 0
T1090.2, 4, 22, 98, 0
T1091, 4, 14, 30, 3
T1091.1, 4, 40, 83, 0
T1091.2, 4, 20, 94, 0
T1091.3, 5, 41, 94, 0
T1092, 5, 14, 97, 0
T1093, 4, 34, 11, 2
T1093.1, 4, 3, 71, 0
T1093.2, 4, 38, 100, 0
T1094, 5, 22, 85, 2
T1094.1, 5, 22, 100, 0
T1094.2, 5, 34, 100, 0
T1095, 4, 24, 51, 4
T1095.1, 4, 24, 70, 0
T1095.2, 4, 24, 99, 0
T1095.3, 4, 45, 99, 0
T1095.4, 4, 45, 99, 0
T1096, 3, 33, 82, 1
T1096.1, 4, 10, 88, 0
T1097, 2, 44, 38, 2
T1097.1, 4, 30, 41, 0
T1097.2, 5, 4, 50, 0
T1098, 4, 35, 93, 3
T1098.1, 5, 14, 94, 0
T1098.2, 5, 32, 96, 0
T1098.3, 5, 8, 99, 0
T1099, 1, 23, 99, 2
T1099.1, 4, 6, 100, 0
T1099.2, 5, 30, 100, 0
T1100, 2, 5, 53, 4
T1100.1, 2, 16, 73, 0
T1100.2, 3, 37, 99, 0
T1100.3, 4, 24, 99, 0
T1100.4, 4, 36, 100, 0
T1101, 3, 3, 82, 2
T1101.1, 5, 18, 86, 0
T1101.2, 5, 40, 89, 0
T1102, 4, 25, 41, 3
T1102.1, 4, 15, 60, 0
T1102.2, 4, 7, 89, 0
T1102.3, 4, 31, 90, 0
T1103, 1, 23, 5, 3
T1103.1, 2, 36, 37, 0
T1103.2, 4, 44, 59, 0
T1103.3, 4, 2, 67, 0
T1104, 2, 34, 88, 3
T1104.1, 2, 48, 89, 0
T1104.2, 3, 30, 98, 0
T1104.3, 4, 43, 99, 0
T1105, 1, 47, 25, 0
T1106, 5, 23, 63, 0
T1107, 1, 22, 3, 3
T1107.1, 3, 22, 39, 0
T1107.2, 5, 19, 56, 0
T1107.3, 5, 27, 58, 0
T1108, 1, 32, 19, 1
T1108.1, 4, 5, 60, 0
T1109, 3, 45, 74, 4
T1109.1, 3, 49, 88, 0
T1109.2, 5, 44, 97, 0
T1109.3, 5, 42, 99, 0
T1109.4, 5, 6, 100, 0
T1110, 3, 39, 15, 2
T1110.1, 4, 45, 43, 0
T1110.2, 5, 9, 94, 0
T1111, 5, 3, 50, 4
T1111.1, 5, 17, 90, 0
T1111.2, 5, 19, 90, 0
T1111.3, 5, 10, 99, 0
T1111.4, 5, 7, 100, 0
T1112, 2, 31, 1, 1
T1112.1, 4, 19, 31, 0
T1113, 3, 24, 8, 3
T1113.1, 5, 11, 57, 0
T1113.2, 5, 41, 75, 0
T1113.3, 5, 9, 92, 0
T1114, 3, 12, 33, 3
T1114.1, 3, 40, 69, 0
T1114.2, 3, 16, 95, 0
T1114.3, 5, 41, 96, 0
T1115, 5, 40, 24, 0
T1116, 1, 19, 76, 3
T1116.1, 4, 22, 83, 0
T1116.2, 5, 32, 92, 0
T1116.3, 5, 32, 96, 0
T1117, 4, 47, 17, 4
T1117.1, 4, 17, 20, 0
T1117.2, 4, 7, 46, 0
T1117.3, 4, 46, 73, 0
T1117.4, 4, 42, 77, 0
T1118, 2, 42, 81, 4
T1118.1, 3, 5, 87, 0
T1118.2, 5, 46, 97, 0
T1118.3, 5, 40, 100, 0
T1118.4, 5, 35, 100, 0
T1119, 2, 11, 14, 2
T1119.1, 5, 9, 54, 0
T1119.2, 5, 18, 77, 0
T1120, 1, 13, 7, 3
T1120.1, 4, 48, 78, 0
T1120.2, 5, 5, 78, 0
T1120.3, 5, 24, 78, 0
T1121, 4, 34, 2, 2
T1121.1, 4, 28, 67, 0
T1121.2, 4, 21, 97, 0
T1122, 4, 28, 61, 2
T1122.1, 4, 13, 62, 0
T1122.2, 5, 16, 75, 0
T1123, 3, 22, 37, 1
T1123.1, 3, 50, 66, 0
T1124, 1, 3, 45, 1
T1124.1, 2, 44, 78, 0
T1125, 4, 45, 89, 1
T1125.1, 4, 46, 98, 0
T1126, 3, 10, 67, 2
T1126.1, 3, 13, 71, 0
T1126.2, 5, 25, 97, 0
T1127, 5, 38, 72, 0
T1128, 1, 23, 75, 4
T1128.1, 4, 43, 88, 0
T1128.2, 5, 3, 92, 0
T1128.3, 5, 40, 94, 0
T1128.4, 5, 49, 96, 0
T1129, 5, 13, 98, 1
T1129.1, 5, 28, 100, 0
T1130, 1, 7, 83, 0
T1131, 1, 29, 37, 0
T1132, 3, 39, 67, 2
T1132.1, 3, 6, 87, 0
T1132.2, 3, 18, 90, 0
T1133, 3, 14, 59, 0
T1134, 2, 18, 75, 2
T1134.1, 3, 12, 80, 0
T1134.2, 5, 19, 99, 0
T1135, 2, 37, 75, 4
T1135.1, 5, 2, 86, 0
T1135.2, 5, 36, 98, 0
T1135.3, 5, 24, 100, 0
T1135.4, 5, 25, 100, 0
T1136, 4, 44, 30, 1
T1136.1, 5, 9, 85, 0
T1137, 5, 40, 94, 1
T1137.1, 5, 48, 98, 0
T1138, 3, 26, 50, 0
T1139, 5, 28, 4, 0
T1140, 1, 1, 4, 2
T1140.1, 4, 31, 28, 0
T1140.2, 5, 4, 59, 0
T1141, 5, 31, 11, 4
T1141.1, 5, 39, 47, 0
T1141.2, 5, 32, 73, 0
T1141.3, 5, 43, 97, 0
T1141.4, 5, 4, 97, 0
T1142, 3, 30, 36, 1
T1142.1, 3, 17, 57, 0
T1143, 4, 36, 22, 3
T1143.1, 5, 48, 49, 0
T1143.2, 5, 26, 82, 0
T1143.3, 5, 46, 83, 0
T1144, 5, 38, 3, 3
T1144.1, 5, 23, 46, 0
T1144.2, 5, 19, 97, 0
T1144.3, 5, 33, 99, 0
T1145, 1, 40, 20, 2
T1145.1, 2, 9, 26, 0
T1145.2, 4, 10, 29, 0
T1146, 1, 15, 87, 2
T1146.1, 2, 46, 98, 0
T1146.2, 2, 14, 100, 0
T1147, 3, 25, 90, 4
T1147.1, 5, 46, 90, 0
T1147.2, 5, 27, 95, 0
T1147.3, 5, 40, 98, 0
T1147.4, 5, 15, 98, 0
T1148, 2, 6, 45, 4
T1148.1, 4, 45, 96, 0
T1148.2, 5, 19, 99, 0
T1148.3, 5, 34, 100, 0
T1148.4, 5, 10, 100, 0
T1149, 1, 20, 33, 1
T1149.1, 3, 25, 75, 0
T1150, 1, 49, 91, 2
T1150.1, 4, 37, 98, 0
T1150.2, 5, 35, 98, 0
T1151, 3, 44, 53, 2
T1151.1, 5, 24, 54, 0
T1151.2, 5, 35, 62, 0
T1152, 1, 36, 68, 4
T1152.1, 4, 4, 70, 0
T1152.2, 4, 42, 96, 0
T1152.3, 4, 17, 97, 0
T1152.4, 5, 6, 97, 0
T1153, 5, 3, 1, 2
T1153.1, 5, 1, 27, 0
T1153.2, 5, 38, 91, 0
T1154, 1, 8, 79, 4
T1154.1, 2, 3, 98, 0
T1154.2, 2, 3, 98, 0
T1154.3, 3, 2, 99, 0
T1154.4, 3, 20, 99, 0
T1155, 4, 4, 36, 0
T1156, 1, 46, 22, 1
T1156.1, 3, 32, 34, 0
T1157, 4, 38, 42, 2
T1157.1, 5, 18, 48, 0
T1157.2, 5, 43, 80, 0
T1158, 5, 45, 30, 1
T1158.1, 5, 2, 61, 0
T1159, 2, 22, 6, 2
T1159.1, 5, 45, 88, 0
T1159.2, 5, 31, 91, 0
T1160, 5, 20, 7, 1
T1160.1, 5, 5, 19, 0
T1161, 5, 47, 29, 1
T1161.1, 5, 4, 49, 0
T1162, 1, 28, 85, 4
T1162.1, 4, 47, 88, 0
T1162.2, 4, 17, 97, 0
T1162.3, 5, 23, 99, 0
T1162.4, 5, 21, 100, 0
T1163, 3, 7, 70, 1
T1163.1, 5, 43, 86, 0
T1164, 2, 6, 38, 3
T1164.1, 4, 5, 79, 0
T1164.2, 5, 22, 91, 0
T1164.3, 5, 33, 91, 0
T1165, 3, 19, 38, 1
T1165.1, 4, 35, 54, 0
T1166, 2, 22, 3, 2
T1166.1, 4, 19, 71, 0
T1166.2, 4, 19, 85, 0
T1167, 3, 43, 27, 1
T1167.1, 5, 17, 98, 0
T1168, 3, 34, 8, 0
T1169, 1, 3, 36, 1
T1169.1, 4, 41, 57, 0
T1170, 2, 3, 39, 2
T1170.1, 4, 8, 98, 0
T1170.2, 4, 16, 100, 0
T1171, 3, 36, 21, 3
T1171.1, 5, 1, 69, 0
T1171.2, 5, 19, 93, 0
T1171.3, 5, 20, 97, 0
T1172, 4, 25, 77, 2
T1172.1, 5, 41, 80, 0
T1172.2, 5, 33, 100, 0
T1173, 1, 47, 41, 1
T1173.1, 5, 8, 73, 0
T1174, 3, 3, 6, 3
T1174.1, 3, 19, 18, 0
T1174.2, 4, 37, 20, 0
T1174.3, 5, 29, 66, 0
T1175, 4, 8, 66, 0
T1176, 2, 10, 94, 3
T1176.1, 4, 14, 98, 0
T1176.2, 4, 41, 99, 0
T1176.3, 5, 46, 99, 0
T1177, 5, 22, 40, 3
T1177.1, 5, 8, 78, 0
T1177.2, 5, 34, 83, 0
T1177.3, 5, 44, 90, 0
T1178, 2, 26, 43, 4
T1178.1, 5, 12, 96, 0
T1178.2, 5, 40, 97, 0
T1178.3, 5, 48, 100, 0
T1178.4, 5, 47, 100, 0
T1179, 2, 3, 21, 2
T1179.1, 5, 30, 75, 0
T1179.2, 5, 47, 89, 0
T1180, 3, 2, 96, 0
T1181, 1, 32, 97, 2
T1181.1, 4, 21, 97, 0
T1181.2, 5, 38, 98, 0
T1182, 3, 24, 43, 0
T1183, 1, 7, 88, 0
T1184, 4, 49, 37, 0
T1185, 5, 50, 52, 1
T1185.1, 5, 33, 80, 0
T1186, 1, 42, 45, 0
T1187, 3, 3, 10, 0
T1188, 5, 37, 55, 4
T1188.1, 5, 36, 85, 0
T1188.2, 5, 44, 96, 0
T1188.3, 5, 34, 99, 0
T1188.4, 5, 7, 100, 0
T1189, 5, 3, 82, 2
T1189.1, 5, 44, 90, 0
T1189.2, 5, 5, 97, 0
T1190, 2, 20, 21, 1
T1190.1, 5, 34, 37, 0
T1191, 1, 3, 51, 3
T1191.1, 1, 26, 75, 0
T1191.2, 5, 1, 80, 0
T1191.3, 5, 23, 89, 0
T1192, 2, 27, 25, 3
T1192.1, 2, 12, 62, 0
T1192.2, 3, 40, 93, 0
T1192.3, 4, 43, 97, 0
T1193, 5, 37, 97, 0
T1194, 1, 24, 93, 2
T1194.1, 3, 15, 99, 0
T1194.2, 5, 10, 100, 0
T1195, 3, 4, 21, 3
T1195.1, 4, 15, 26, 0
T1195.2, 5, 49, 67, 0
T1195.3, 5, 29, 73, 0
T1196, 3, 42, 83, 4
T1196.1, 5, 26, 83, 0
T1196.2, 5, 32, 89, 0
T1196.3, 5, 24, 96, 0
T1196.4, 5, 22, 100, 0
T1197, 2, 30, 94, 1
T1197.1, 4, 28, 97, 0
T1198, 5, 34, 80, 1
T1198.1, 5, 29, 82, 0
T1199, 4, 22, 48, 0
T1200, 2, 11, 45, 1
T1200.1, 2, 44, 63, 0
T1201, 4, 50, 45, 4
T1201.1, 5, 48, 86, 0
T1201.2, 5, 15, 98, 0
T1201.3, 5, 29, 100, 0
T1201.4, 5, 46, 100, 0
T1202, 5, 13, 75, 1
T1202.1, 5, 18, 85, 0
T1203, 2, 36, 23, 3
T1203.1, 4, 7, 44, 0
T1203.2, 4, 11, 72, 0
T1203.3, 5, 31, 72, 0
T1204, 5, 13, 18, 3
T1204.1, 5, 34, 87, 0
T1204.2, 5, 8, 88, 0
T1204.3, 5, 6, 98, 0
T1205, 2, 26, 75, 3
T1205.1, 4, 11, 80, 0
T1205.2, 4, 35, 80, 0
T1205.3, 5, 34, 93, 0
T1206, 1, 40, 78, 2
T1206.1, 1, 42, 80, 0
T1206.2, 1, 3, 92, 0
T1207, 3, 31, 45, 0
T1208, 2, 27, 4, 4
T1208.1, 3, 16, 13, 0
T1208.2, 4, 1, 85, 0
T1208.3, 4, 18, 89, 0
T1208.4, 4, 23, 97, 0
T1209, 4, 14, 39, 4
T1209.1, 4, 18, 49, 0
T1209.2, 5, 20, 67, 0
T1209.3, 5, 14, 74, 0
T1209.4, 5, 37, 86, 0
T1210, 2, 23, 11, 3
T1210.1, 5, 22, 65, 0
T1210.2, 5, 31, 73, 0
T1210.3, 5, 13, 99, 0
T1211, 1, 44, 76, 0
T1212, 2, 43, 34, 4
T1212.1, 3, 46, 34, 0
T1212.2, 4, 1, 80, 0
T1212.3, 4, 36, 99, 0
T1212.4, 4, 14, 99, 0
T1213, 2, 16, 31, 1
T1213.1, 4, 15, 63, 0
T1214, 1, 8, 43, 1
T1214.1, 5, 47, 86, 0
T1215, 5, 38, 57, 0
T1216, 4, 37, 25, 3
T1216.1, 5, 43, 26, 0
T1216.2, 5, 35, 46, 0
T1216.3, 5, 5, 46, 0
T1217, 5, 39, 28, 4
T1217.1, 5, 41, 92, 0
T1217.2, 5, 48, 93, 0
T1217.3, 5, 17, 99, 0
T1217.4, 5, 28, 99, 0
T1218, 2, 12, 15, 0
T1219, 3, 46, 97, 1
T1219.1, 5, 28, 97, 0
T1220, 1, 30, 83, 3
T1220.1, 4, 49, 86, 0
T1220.2, 4, 19, 98, 0
T1220.3, 4, 13, 99, 0
T1221, 2, 3, 26, 0
T1222, 2, 12, 4, 4
T1222.1, 3, 13, 43, 0
T1222.2, 5, 19, 76, 0
T1222.3, 5, 13, 87, 0
T1222.4, 5, 35, 98, 0
T1223, 5, 49, 5, 1
T1223.1, 5, 50, 80, 0
T1224, 2, 46, 83, 4
T1224.1, 3, 11, 100, 0
T1224.2, 4, 30, 100, 0
T1224.3, 4, 20, 100, 0
T1224.4, 5, 43, 100, 0
T1225, 1, 30, 51, 1
T1225.1, 5, 32, 51, 0
T1226, 4, 22, 89, 4
T1226.1, 5, 48, 97, 0
T1226.2, 5, 28, 100, 0
T1226.3, 5, 26, 100, 0
T1226.4, 5, 36, 100, 0
T1227, 4, 12, 82, 0
T1228, 5, 19, 78, 0
T1229, 5, 16, 92, 0
T1230, 3, 19, 78, 2
T1230.1, 5, 39, 88, 0
T1230.2, 5, 20, 90, 0
T1231, 3, 22, 58, 3
T1231.1, 5, 5, 65, 0
T1231.2, 5, 34, 72, 0
T1231.3, 5, 13, 74, 0
T1232, 1, 18, 77, 1
T1232.1, 5, 26, 83, 0
T1233, 5, 47, 77, 4
T1233.1, 5, 12, 84, 0
T1233.2, 5, 25, 96, 0
T1233.3, 5, 10, 100, 0
T1233.4, 5, 11, 100, 0
T1234, 1, 1, 52, 3
T1234.1, 2, 11, 63, 0
T1234.2, 2, 12, 99, 0
T1234.3, 4, 28, 100, 0
T1235, 3, 50, 29, 1
T1235.1, 4, 45, 40, 0
T1236, 2, 28, 17, 0
T1237, 4, 13, 45, 0
T1238, 1, 42, 17, 1
T1238.1, 1, 37, 38, 0
T1239, 3, 28, 75, 1
T1239.1, 5, 21, 98, 0
T1240, 1, 44, 11, 3
T1240.1, 5, 31, 73, 0
T1240.2, 5, 39, 77, 0
T1240.3, 5, 23, 89, 0
T1241, 3, 47, 22, 3
T1241.1, 3, 35, 71, 0
T1241.2, 5, 3, 93, 0
T1241.3, 5, 12, 100, 0
T1242, 4, 48, 94, 1
T1242.1, 4, 30, 95, 0
T1243, 2, 48, 93, 4
T1243.1, 3, 19, 95, 0
T1243.2, 3, 25, 96, 0
T1243.3, 5, 35, 96, 0
T1243.4, 5, 18, 99, 0
T1244, 1, 35, 30, 0
T1245, 5, 36, 45, 4
T1245.1, 5, 24, 84, 0
T1245.2, 5, 47, 97, 0
T1245.3, 5, 28, 99, 0
T1245.4, 5, 27, 99, 0
T1246, 4, 22, 94, 0
T1247, 5, 7, 73, 4
T1247.1, 5, 46, 78, 0
T1247.2, 5, 13, 94, 0
T1247.3, 5, 15, 100, 0
T1247.4, 5, 30, 100, 0
T1248, 3, 43, 39, 2
T1248.1, 5, 8, 39, 0
T1248.2, 5, 19, 55, 0
T1249, 4, 48, 4, 3
T1249.1, 4, 23, 22, 0
T1249.2, 5, 49, 45, 0
T1249.3, 5, 39, 67, 0
T1250, 3, 37, 85, 4
T1250.1, 3, 4, 90, 0
T1250.2, 3, 6, 98, 0
T1250.3, 4, 32, 100, 0
T1250.4, 4, 39, 100, 0
T1251, 1, 47, 43, 2
T1251.1, 1, 27, 93, 0
T1251.2, 4, 4, 98, 0
T1252, 1, 38, 83, 3
T1252.1, 4, 6, 88, 0
T1252.2, 5, 50, 94, 0
T1252.3, 5, 49, 94, 0
T1253, 4, 50, 38, 4
T1253.1, 5, 23, 49, 0
T1253.2, 5, 26, 92, 0
T1253.3, 5, 32, 96, 0
T1253.4, 5, 35, 100, 0
T1254, 1, 6, 96, 2
T1254.1, 4, 38, 96, 0
T1254.2, 5, 12, 97, 0
T1255, 4, 20, 77, 1
T1255.1, 4, 43, 82, 0
T1256, 3, 8, 32, 0
T1257, 1, 14, 69, 1
T1257.1, 5, 29, 95, 0
T1258, 5, 19, 12, 2
T1258.1, 5, 16, 46, 0
T1258.2, 5, 23, 51, 0
T1259, 1, 5, 7, 1
T1259.1, 4, 27, 46, 0
T1260, 1, 9, 81, 3
T1260.1, 3, 34, 82, 0
T1260.2, 5, 36, 96, 0
T1260.3, 5, 49, 96, 0
T1261, 5, 26, 33, 2
T1261.1, 5, 9, 82, 0
T1261.2, 5, 15, 92, 0
T1262, 5, 15, 1, 2
T1262.1, 5, 11, 60, 0
T1262.2, 5, 2, 95, 0
T1263, 4, 9, 35, 4
T1263.1, 4, 15, 78, 0
T1263.2, 4, 29, 85, 0
T1263.3, 4, 18, 86, 0
T1263.4, 4, 23, 94, 0
T1264, 3, 23, 11, 1
T1264.1, 4, 35, 54, 0
T1265, 1, 11, 41, 4
T1265.1, 4, 34, 69, 0
T1265.2, 4, 25, 93, 0
T1265.3, 5, 14, 96, 0
T1265.4, 5, 21, 97, 0
T1266, 2, 26, 45, 1
T1266.1, 3, 28, 49, 0
T1267, 5, 46, 72, 2
T1267.1, 5, 6, 87, 0
T1267.2, 5, 47, 91, 0
T1268, 4, 15, 76, 2
T1268.1, 4, 29, 77, 0
T1268.2, 5, 27, 81, 0
T1269, 1, 9, 93, 2
T1269.1, 5, 27, 100, 0
T1269.2, 5, 28, 100, 0
T1270, 3, 23, 17, 0
T1271, 4, 31, 72, 4
T1271.1, 5, 10, 75, 0
T1271.2, 5, 50, 94, 0
T1271.3, 5, 47, 98, 0
T1271.4, 5, 5, 100, 0
T1272, 5, 6, 43, 0
T1273, 2, 26, 48, 1
T1273.1, 5, 12, 48, 0
T1274, 2, 14, 45, 0
T1275, 3, 7, 9, 1
T1275.1, 5, 43, 78, 0
T1276, 5, 23, 54, 0
T1277, 4, 5, 42, 2
T1277.1, 4, 18, 91, 0
T1277.2, 5, 49, 92, 0
T1278, 2, 38, 42, 4
T1278.1, 3, 44, 80, 0
T1278.2, 5, 31, 98, 0
T1278.3, 5, 35, 100, 0
T1278.4, 5, 40, 100, 0
T1279, 2, 23, 95, 2
T1279.1, 4, 49, 97, 0
T1279.2, 4, 27, 100, 0
T1280, 4, 32, 18, 4
T1280.1, 5, 28, 74, 0
T1280.2, 5, 34, 81, 0
T1280.3, 5, 13, 87, 0
T1280.4, 5, 42, 87, 0
T1281, 4, 49, 63, 2
T1281.1, 4, 24, 69, 0
T1281.2, 5, 4, 75, 0
T1282, 3, 42, 21, 3
T1282.1, 4, 34, 81, 0
T1282.2, 4, 2, 98, 0
T1282.3, 4, 25, 98, 0
T1283, 1, 21, 87, 4
T1283.1, 4, 25, 90, 0
T1283.2, 4, 7, 100, 0
T1283.3, 4, 12, 100, 0
T1283.4, 4, 36, 100, 0
T1284, 1, 20, 83, 4
T1284.1, 4, 1, 94, 0
T1284.2, 4, 7, 100, 0
T1284.3, 4, 46, 100, 0
T1284.4, 4, 4, 100, 0
T1285, 5, 49, 21, 2
T1285.1, 5, 45, 46, 0
T1285.2, 5, 33, 54, 0
T1286, 5, 29, 87, 1
T1286.1, 5, 17, 94, 0
T1287, 2, 37, 60, 3
T1287.1, 4, 10, 73, 0
T1287.2, 4, 7, 88, 0
T1287.3, 5, 49, 88, 0
T1288, 2, 25, 41, 1
T1288.1, 2, 17, 41, 0
T1289, 3, 27, 91, 0
T1290, 3, 13, 66, 4
T1290.1, 5, 26, 83, 0
T1290.2, 5, 47, 99, 0
T1290.3, 5, 49, 100, 0
T1290.4, 5, 49, 100, 0
T1291, 5, 7, 57, 1
T1291.1, 5, 27, 67, 0
T1292, 2, 4, 76, 2
T1292.1, 2, 40, 90, 0
T1292.2, 4, 41, 95, 0
T1293, 5, 12, 67, 4
T1293.1, 5, 50, 91, 0
T1293.2, 5, 7, 97, 0
T1293.3, 5, 17, 98, 0
T1293.4, 5, 10, 100, 0
T1294, 3, 22, 15, 2
T1294.1, 5, 30, 89, 0
T1294.2, 5, 7, 100, 0
T1295, 3, 34, 38, 2
T1295.1, 3, 7, 63, 0
T1295.2, 3, 5, 95, 0
T1296, 4, 44, 32, 1
T1296.1, 4, 20, 40, 0
T1297, 3, 27, 5, 4
T1297.1, 5, 5, 25, 0
T1297.2, 5, 40, 33, 0
T1297.3, 5, 24, 79, 0
T1297.4, 5, 10, 82, 0
T1298, 3, 3, 66, 1
T1298.1, 5, 7, 80, 0
T1299, 4, 4, 70, 2
T1299.1, 5, 34, 78, 0
T1299.2, 5, 22, 83, 0
T1300, 3, 41, 100, 4
T1300.1, 4, 33, 100, 0
T1300.2, 5, 3, 100, 0
T1300.3, 5, 10, 100, 0
T1300.4, 5, 18, 100, 0
T1301, 1, 7, 20, 4
T1301.1, 1, 40, 67, 0
T1301.2, 1, 39, 72, 0
T1301.3, 1, 2, 81, 0
T1301.4, 3, 1, 94, 0
T1302, 2, 14, 1, 3
T1302.1, 4, 25, 16, 0
T1302.2, 5, 45, 100, 0
T1302.3, 5, 1, 100, 0
T1303, 1, 3, 55, 4
T1303.1, 4, 20, 95, 0
T1303.2, 4, 1, 98, 0
T1303.3, 4, 48, 100, 0
T1303.4, 5, 42, 100, 0
T1304, 3, 25, 11, 0
T1305, 5, 48, 60, 0
T1306, 1, 21, 93, 4
T1306.1, 1, 26, 95, 0
T1306.2, 3, 50, 100, 0
T1306.3, 5, 46, 100, 0
T1306.4, 5, 20, 100, 0
T1307, 2, 39, 45, 2
T1307.1, 3, 30, 58, 0
T1307.2, 3, 19, 70, 0
T1308, 5, 43, 40, 1
T1308.1, 5, 25, 86, 0
T1309, 5, 10, 56, 0
T1310, 2, 10, 51, 0
T1311, 2, 49, 75, 0
T1312, 2, 18, 98, 0
T1313, 4, 28, 77, 0
T1314, 3, 10, 58, 3
T1314.1, 3, 48, 92, 0
T1314.2, 4, 7, 96, 0
T1314.3, 4, 20, 96, 0
T1315, 1, 2, 64, 0
T1316, 4, 21, 4, 1
T1316.1, 4, 42, 97, 0
T1317, 3, 41, 62, 4
T1317.1, 3, 19, 92, 0
T1317.2, 5, 49, 97, 0
T1317.3, 5, 17, 100, 0
T1317.4, 5, 1, 100, 0
T1318, 4, 1, 62, 2
T1318.1, 4, 10, 70, 0
T1318.2, 4, 11, 82, 0
T1319, 3, 36, 86, 4
T1319.1, 4, 46, 96, 0
T1319.2, 5, 45, 100, 0
T1319.3, 5, 8, 100, 0
T1319.4, 5, 27, 100, 0
T1320, 2, 10, 99, 0
T1321, 5, 39, 62, 3
T1321.1, 5, 34, 80, 0
T1321.2, 5, 26, 94, 0
T1321.3, 5, 41, 98, 0
T1322, 2, 31, 58, 0
T1323, 5, 29, 11, 4
T1323.1, 5, 15, 85, 0
T1323.2, 5, 17, 92, 0
T1323.3, 5, 36, 100, 0
T1323.4, 5, 25, 100, 0
T1324, 3, 22, 64, 1
T1324.1, 5, 15, 100, 0
T1325, 1, 40, 65, 1
T1325.1, 4, 42, 77, 0
T1326, 2, 12, 25, 3
T1326.1, 2, 17, 81, 0
T1326.2, 3, 50, 86, 0
T1326.3, 5, 7, 93, 0
T1327, 4, 6, 7, 3
T1327.1, 4, 35, 61, 0
T1327.2, 4, 40, 64, 0
T1327.3, 4, 42, 96, 0
T1328, 1, 46, 56, 2
T1328.1, 1, 26, 94, 0
T1328.2, 5, 11, 100, 0
T1329, 3, 44, 39, 3
T1329.1, 3, 28, 39, 0
T1329.2, 4, 19, 42, 0
T1329.3, 5, 6, 55, 0
T1330, 4, 34, 67, 2
T1330.1, 5, 19, 81, 0
T1330.2, 5, 22, 84, 0